MIN
-77.60638825590912,0x0000000000000000000000000000000000000000000000000000000000000000
-77.61201761342905,0x8000000000000000000000000000000000000000000000000000000000000000
-77.58800319096187,0xc000000000000000000000000000000000000000000000000000000000000000
-77.67888226732984,0xa000000000000000000000000000000000000000000000000000000000000000
-77.64370208496338,0xb000000000000000000000000000000000000000000000000000000000000000
-77.69500435934914,0xa800000000000000000000000000000000000000000000000000000000000000
-77.74045722039192,0xac00000000000000000000000000000000000000000000000000000000000000
-77.66576083675845,0xae00000000000000000000000000000000000000000000000000000000000000
-77.75481321047117,0xad00000000000000000000000000000000000000000000000000000000000000
-77.81537510798528,0xad80000000000000000000000000000000000000000000000000000000000000
-77.72586850710324,0xadc0000000000000000000000000000000000000000000000000000000000000
-77.81386794053115,0xada0000000000000000000000000000000000000000000000000000000000000
-77.86202243038943,0xad90000000000000000000000000000000000000000000000000000000000000
-77.81987511694848,0xad98000000000000000000000000000000000000000000000000000000000000
-77.88465651932296,0xad94000000000000000000000000000000000000000000000000000000000000
-77.89855703988394,0xad96000000000000000000000000000000000000000000000000000000000000
-77.85070194850316,0xad97000000000000000000000000000000000000000000000000000000000000
-77.96307558255953,0xad96800000000000000000000000000000000000000000000000000000000000
-77.89805305016029,0xad96c00000000000000000000000000000000000000000000000000000000000
-77.95990453638159,0xad96a00000000000000000000000000000000000000000000000000000000000
-77.970804014406,0xad96900000000000000000000000000000000000000000000000000000000000
-77.96799436982695,0xad96980000000000000000000000000000000000000000000000000000000000
-77.99617717792461,0xad96940000000000000000000000000000000000000000000000000000000000
-77.91858138047256,0xad96960000000000000000000000000000000000000000000000000000000000
-77.9957122650299,0xad96950000000000000000000000000000000000000000000000000000000000
-78.08627726338602,0xad96948000000000000000000000000000000000000000000000000000000000
-77.99360246686906,0xad9694c000000000000000000000000000000000000000000000000000000000
-78.04613693801316,0xad9694a000000000000000000000000000000000000000000000000000000000
-78.13258697174408,0xad96949000000000000000000000000000000000000000000000000000000000
-78.04827821409548,0xad96949800000000000000000000000000000000000000000000000000000000
-78.14109267959823,0xad96949400000000000000000000000000000000000000000000000000000000
-78.18638464501807,0xad96949600000000000000000000000000000000000000000000000000000000
-78.13280835375562,0xad96949700000000000000000000000000000000000000000000000000000000
-78.24398542284132,0xad96949680000000000000000000000000000000000000000000000000000000
-78.1762834943377,0xad969496c0000000000000000000000000000000000000000000000000000000
-78.20926997044704,0xad969496a0000000000000000000000000000000000000000000000000000000
-78.256168483616,0xad96949690000000000000000000000000000000000000000000000000000000
-78.22427937510487,0xad96949698000000000000000000000000000000000000000000000000000000
-78.25553999223433,0xad96949694000000000000000000000000000000000000000000000000000000
-78.20531225823737,0xad96949692000000000000000000000000000000000000000000000000000000
-78.23455690122866,0xad96949691000000000000000000000000000000000000000000000000000000
-78.33212061528559,0xad96949690800000000000000000000000000000000000000000000000000000
-78.27198714524002,0xad96949690c00000000000000000000000000000000000000000000000000000
-78.3211845908608,0xad96949690a00000000000000000000000000000000000000000000000000000
-78.37912990329983,0xad96949690900000000000000000000000000000000000000000000000000000
-78.28628094927534,0xad96949690980000000000000000000000000000000000000000000000000000
-78.39051279988323,0xad96949690940000000000000000000000000000000000000000000000000000
-78.42757482080907,0xad96949690960000000000000000000000000000000000000000000000000000
-78.3661086456878,0xad96949690970000000000000000000000000000000000000000000000000000
-78.44958427497795,0xad96949690968000000000000000000000000000000000000000000000000000
-78.36691364970478,0xad9694969096c000000000000000000000000000000000000000000000000000
-78.46101300128095,0xad9694969096a000000000000000000000000000000000000000000000000000
-78.48498644909778,0xad9694969096b000000000000000000000000000000000000000000000000000
-78.40511806004055,0xad9694969096b800000000000000000000000000000000000000000000000000
-78.48096105554602,0xad9694969096b400000000000000000000000000000000000000000000000000
-78.45621059848355,0xad9694969096b200000000000000000000000000000000000000000000000000
-78.4769005942178,0xad9694969096b100000000000000000000000000000000000000000000000000
-78.5401661403172,0xad9694969096b080000000000000000000000000000000000000000000000000
-78.47624974817663,0xad9694969096b0c0000000000000000000000000000000000000000000000000
-78.5718435693335,0xad9694969096b0a0000000000000000000000000000000000000000000000000
-78.58533594396326,0xad9694969096b0b0000000000000000000000000000000000000000000000000
-78.49804089953015,0xad9694969096b0b8000000000000000000000000000000000000000000000000
-78.63158151510355,0xad9694969096b0b4000000000000000000000000000000000000000000000000
-78.64029178371678,0xad9694969096b0b6000000000000000000000000000000000000000000000000
-78.56250970251672,0xad9694969096b0b7000000000000000000000000000000000000000000000000
-78.64426163741044,0xad9694969096b0b6800000000000000000000000000000000000000000000000
-78.5962447053069,0xad9694969096b0b6c00000000000000000000000000000000000000000000000
-78.7067697622202,0xad9694969096b0b6a00000000000000000000000000000000000000000000000
-78.67169442495981,0xad9694969096b0b6b00000000000000000000000000000000000000000000000
-78.62163049810297,0xad9694969096b0b6a80000000000000000000000000000000000000000000000
-78.74688706983935,0xad9694969096b0b6a40000000000000000000000000000000000000000000000
-78.70553799990293,0xad9694969096b0b6a60000000000000000000000000000000000000000000000
-78.746037737592,0xad9694969096b0b6a50000000000000000000000000000000000000000000000
-78.8048700033487,0xad9694969096b0b6a48000000000000000000000000000000000000000000000
-78.7297573947049,0xad9694969096b0b6a4c000000000000000000000000000000000000000000000
-78.83675709971182,0xad9694969096b0b6a4a000000000000000000000000000000000000000000000
-78.8193611731896,0xad9694969096b0b6a4b000000000000000000000000000000000000000000000
-78.76920179125074,0xad9694969096b0b6a4a800000000000000000000000000000000000000000000
-78.90978954364726,0xad9694969096b0b6a4a400000000000000000000000000000000000000000000
-78.90371550141752,0xad9694969096b0b6a4a600000000000000000000000000000000000000000000
-78.81518920532592,0xad9694969096b0b6a4a500000000000000000000000000000000000000000000
-78.90469978477333,0xad9694969096b0b6a4a480000000000000000000000000000000000000000000
-78.85030496846903,0xad9694969096b0b6a4a440000000000000000000000000000000000000000000
-78.96982130113538,0xad9694969096b0b6a4a420000000000000000000000000000000000000000000
-78.94831895399523,0xad9694969096b0b6a4a430000000000000000000000000000000000000000000
-78.91806716995163,0xad9694969096b0b6a4a428000000000000000000000000000000000000000000
-79.03709370463521,0xad9694969096b0b6a4a424000000000000000000000000000000000000000000
-78.97895056908423,0xad9694969096b0b6a4a426000000000000000000000000000000000000000000
-79.00770252544086,0xad9694969096b0b6a4a425000000000000000000000000000000000000000000
-79.11645318030358,0xad9694969096b0b6a4a424800000000000000000000000000000000000000000
-79.06548521211455,0xad9694969096b0b6a4a424c00000000000000000000000000000000000000000
-79.13825585577753,0xad9694969096b0b6a4a424a00000000000000000000000000000000000000000
-79.15630705659088,0xad9694969096b0b6a4a424b00000000000000000000000000000000000000000
-79.07911332289537,0xad9694969096b0b6a4a424b80000000000000000000000000000000000000000
-79.20618113271006,0xad9694969096b0b6a4a424b40000000000000000000000000000000000000000
-79.26420063548512,0xad9694969096b0b6a4a424b60000000000000000000000000000000000000000
-79.18823749797566,0xad9694969096b0b6a4a424b70000000000000000000000000000000000000000
-79.27338795847707,0xad9694969096b0b6a4a424b68000000000000000000000000000000000000000
-79.20329366220938,0xad9694969096b0b6a4a424b6c000000000000000000000000000000000000000
-79.28364995142796,0xad9694969096b0b6a4a424b6a000000000000000000000000000000000000000
-79.2673382678113,0xad9694969096b0b6a4a424b6b000000000000000000000000000000000000000
-79.23554838715971,0xad9694969096b0b6a4a424b6a800000000000000000000000000000000000000
-79.36971779136391,0xad9694969096b0b6a4a424b6a400000000000000000000000000000000000000
-79.30660429200925,0xad9694969096b0b6a4a424b6a600000000000000000000000000000000000000
-79.35500562822187,0xad9694969096b0b6a4a424b6a500000000000000000000000000000000000000
-79.48198606965545,0xad9694969096b0b6a4a424b6a480000000000000000000000000000000000000
-79.44205006114491,0xad9694969096b0b6a4a424b6a4c0000000000000000000000000000000000000
-79.49782143058357,0xad9694969096b0b6a4a424b6a4a0000000000000000000000000000000000000
-79.51820090767387,0xad9694969096b0b6a4a424b6a4b0000000000000000000000000000000000000
-79.41087825291164,0xad9694969096b0b6a4a424b6a4b8000000000000000000000000000000000000
-79.5085212791359,0xad9694969096b0b6a4a424b6a4b4000000000000000000000000000000000000
-79.5602997390183,0xad9694969096b0b6a4a424b6a4b2000000000000000000000000000000000000
-79.51895417509736,0xad9694969096b0b6a4a424b6a4b3000000000000000000000000000000000000
-79.58496296489156,0xad9694969096b0b6a4a424b6a4b2800000000000000000000000000000000000
-79.51697000661692,0xad9694969096b0b6a4a424b6a4b2c00000000000000000000000000000000000
-79.59716876903614,0xad9694969096b0b6a4a424b6a4b2a00000000000000000000000000000000000
-79.59623741889214,0xad9694969096b0b6a4a424b6a4b2b00000000000000000000000000000000000
-79.55687045955753,0xad9694969096b0b6a4a424b6a4b2a80000000000000000000000000000000000
-79.649968317815,0xad9694969096b0b6a4a424b6a4b2a40000000000000000000000000000000000
-79.58681557395242,0xad9694969096b0b6a4a424b6a4b2a60000000000000000000000000000000000
-79.67573219627053,0xad9694969096b0b6a4a424b6a4b2a50000000000000000000000000000000000
-79.78087427709009,0xad9694969096b0b6a4a424b6a4b2a58000000000000000000000000000000000
-79.72755890197449,0xad9694969096b0b6a4a424b6a4b2a5c000000000000000000000000000000000
-79.83675754177463,0xad9694969096b0b6a4a424b6a4b2a5a000000000000000000000000000000000
-79.85289775074779,0xad9694969096b0b6a4a424b6a4b2a5b000000000000000000000000000000000
-79.69477194101064,0xad9694969096b0b6a4a424b6a4b2a5b800000000000000000000000000000000
-79.81903103610257,0xad9694969096b0b6a4a424b6a4b2a5b400000000000000000000000000000000
-79.9261648080923,0xad9694969096b0b6a4a424b6a4b2a5b200000000000000000000000000000000
-79.90144562316345,0xad9694969096b0b6a4a424b6a4b2a5b300000000000000000000000000000000
-79.99102337329418,0xad9694969096b0b6a4a424b6a4b2a5b280000000000000000000000000000000
-79.89117923244967,0xad9694969096b0b6a4a424b6a4b2a5b2c0000000000000000000000000000000
-80.00533781709014,0xad9694969096b0b6a4a424b6a4b2a5b2a0000000000000000000000000000000
-80.04598304679939,0xad9694969096b0b6a4a424b6a4b2a5b2b0000000000000000000000000000000
-80.00550357540409,0xad9694969096b0b6a4a424b6a4b2a5b2b8000000000000000000000000000000
-80.06431397429475,0xad9694969096b0b6a4a424b6a4b2a5b2b4000000000000000000000000000000
-80.03859055220902,0xad9694969096b0b6a4a424b6a4b2a5b2b6000000000000000000000000000000
-80.09861548821053,0xad9694969096b0b6a4a424b6a4b2a5b2b5000000000000000000000000000000
-80.16235670152601,0xad9694969096b0b6a4a424b6a4b2a5b2b5800000000000000000000000000000
-80.1149762179349,0xad9694969096b0b6a4a424b6a4b2a5b2b5c00000000000000000000000000000
-80.20945556823547,0xad9694969096b0b6a4a424b6a4b2a5b2b5a00000000000000000000000000000
-80.20982635223663,0xad9694969096b0b6a4a424b6a4b2a5b2b5b00000000000000000000000000000
-80.07892682573774,0xad9694969096b0b6a4a424b6a4b2a5b2b5b80000000000000000000000000000
-80.195513440417,0xad9694969096b0b6a4a424b6a4b2a5b2b5b40000000000000000000000000000
-80.28464371626909,0xad9694969096b0b6a4a424b6a4b2a5b2b5b20000000000000000000000000000
-80.24203400511841,0xad9694969096b0b6a4a424b6a4b2a5b2b5b30000000000000000000000000000
-80.33460860581069,0xad9694969096b0b6a4a424b6a4b2a5b2b5b28000000000000000000000000000
-80.20569394137357,0xad9694969096b0b6a4a424b6a4b2a5b2b5b2c000000000000000000000000000
-80.32191741668976,0xad9694969096b0b6a4a424b6a4b2a5b2b5b2a000000000000000000000000000
-80.37148994499154,0xad9694969096b0b6a4a424b6a4b2a5b2b5b29000000000000000000000000000
-80.32413895766099,0xad9694969096b0b6a4a424b6a4b2a5b2b5b29800000000000000000000000000
-80.39884847360891,0xad9694969096b0b6a4a424b6a4b2a5b2b5b29400000000000000000000000000
-80.36308470734588,0xad9694969096b0b6a4a424b6a4b2a5b2b5b29600000000000000000000000000
-80.37196943833754,0xad9694969096b0b6a4a424b6a4b2a5b2b5b29500000000000000000000000000
-80.47332034268221,0xad9694969096b0b6a4a424b6a4b2a5b2b5b29480000000000000000000000000
-80.46285561057594,0xad9694969096b0b6a4a424b6a4b2a5b2b5b294c0000000000000000000000000
-80.50266985364489,0xad9694969096b0b6a4a424b6a4b2a5b2b5b294a0000000000000000000000000
-80.51752562622924,0xad9694969096b0b6a4a424b6a4b2a5b2b5b294b0000000000000000000000000
-80.41347421346964,0xad9694969096b0b6a4a424b6a4b2a5b2b5b294b8000000000000000000000000
-80.51976024616253,0xad9694969096b0b6a4a424b6a4b2a5b2b5b294b4000000000000000000000000
-80.58095051310994,0xad9694969096b0b6a4a424b6a4b2a5b2b5b294b6000000000000000000000000
-80.51617367617733,0xad9694969096b0b6a4a424b6a4b2a5b2b5b294b7000000000000000000000000
-80.62219950154825,0xad9694969096b0b6a4a424b6a4b2a5b2b5b294b6800000000000000000000000
-80.46623584392903,0xad9694969096b0b6a4a424b6a4b2a5b2b5b294b6c00000000000000000000000
-80.60138578919859,0xad9694969096b0b6a4a424b6a4b2a5b2b5b294b6a00000000000000000000000
-80.6520176067219,0xad9694969096b0b6a4a424b6a4b2a5b2b5b294b6900000000000000000000000
-80.61402175095412,0xad9694969096b0b6a4a424b6a4b2a5b2b5b294b6980000000000000000000000
-80.73944394381253,0xad9694969096b0b6a4a424b6a4b2a5b2b5b294b6940000000000000000000000
-80.65762561565631,0xad9694969096b0b6a4a424b6a4b2a5b2b5b294b6960000000000000000000000
-80.63828930773816,0xad9694969096b0b6a4a424b6a4b2a5b2b5b294b6950000000000000000000000
-80.81668042803145,0xad9694969096b0b6a4a424b6a4b2a5b2b5b294b6948000000000000000000000
-80.81846540148085,0xad9694969096b0b6a4a424b6a4b2a5b2b5b294b694c000000000000000000000
-80.837058319793,0xad9694969096b0b6a4a424b6a4b2a5b2b5b294b694e000000000000000000000
-80.84678452498429,0xad9694969096b0b6a4a424b6a4b2a5b2b5b294b694f000000000000000000000
-80.73871326732349,0xad9694969096b0b6a4a424b6a4b2a5b2b5b294b694f800000000000000000000
-80.86744930027248,0xad9694969096b0b6a4a424b6a4b2a5b2b5b294b694f400000000000000000000
-80.9355467378081,0xad9694969096b0b6a4a424b6a4b2a5b2b5b294b694f600000000000000000000
-80.88486412116936,0xad9694969096b0b6a4a424b6a4b2a5b2b5b294b694f700000000000000000000
-80.97550949111923,0xad9694969096b0b6a4a424b6a4b2a5b2b5b294b694f680000000000000000000
-80.8534471891024,0xad9694969096b0b6a4a424b6a4b2a5b2b5b294b694f6c0000000000000000000
-80.97609309025935,0xad9694969096b0b6a4a424b6a4b2a5b2b5b294b694f6a0000000000000000000
-80.9826976307384,0xad9694969096b0b6a4a424b6a4b2a5b2b5b294b694f6b0000000000000000000
-80.99142106977496,0xad9694969096b0b6a4a424b6a4b2a5b2b5b294b694f6b8000000000000000000
-81.10540887335321,0xad9694969096b0b6a4a424b6a4b2a5b2b5b294b694f6bc000000000000000000
-81.02737786505487,0xad9694969096b0b6a4a424b6a4b2a5b2b5b294b694f6be000000000000000000
-81.07080748078826,0xad9694969096b0b6a4a424b6a4b2a5b2b5b294b694f6bd000000000000000000
-81.2375195071652,0xad9694969096b0b6a4a424b6a4b2a5b2b5b294b694f6bc800000000000000000
-81.20471165492222,0xad9694969096b0b6a4a424b6a4b2a5b2b5b294b694f6bcc00000000000000000
-81.2422623991609,0xad9694969096b0b6a4a424b6a4b2a5b2b5b294b694f6bca00000000000000000
-81.25598538576902,0xad9694969096b0b6a4a424b6a4b2a5b2b5b294b694f6bcb00000000000000000
-81.1451488193813,0xad9694969096b0b6a4a424b6a4b2a5b2b5b294b694f6bcb80000000000000000
-81.28629772479718,0xad9694969096b0b6a4a424b6a4b2a5b2b5b294b694f6bcb40000000000000000
-81.34175122820295,0xad9694969096b0b6a4a424b6a4b2a5b2b5b294b694f6bcb60000000000000000
-81.29021617725536,0xad9694969096b0b6a4a424b6a4b2a5b2b5b294b694f6bcb70000000000000000
-81.34010122110556,0xad9694969096b0b6a4a424b6a4b2a5b2b5b294b694f6bcb68000000000000000
-81.2589143796877,0xad9694969096b0b6a4a424b6a4b2a5b2b5b294b694f6bcb64000000000000000
-81.34237856107515,0xad9694969096b0b6a4a424b6a4b2a5b2b5b294b694f6bcb62000000000000000
-81.3630157074371,0xad9694969096b0b6a4a424b6a4b2a5b2b5b294b694f6bcb63000000000000000
-81.36154852380285,0xad9694969096b0b6a4a424b6a4b2a5b2b5b294b694f6bcb63800000000000000
-81.4267679113489,0xad9694969096b0b6a4a424b6a4b2a5b2b5b294b694f6bcb63400000000000000
-81.36687161562803,0xad9694969096b0b6a4a424b6a4b2a5b2b5b294b694f6bcb63600000000000000
-81.42843796370866,0xad9694969096b0b6a4a424b6a4b2a5b2b5b294b694f6bcb63500000000000000
-81.57523377196534,0xad9694969096b0b6a4a424b6a4b2a5b2b5b294b694f6bcb63580000000000000
-81.5356184571654,0xad9694969096b0b6a4a424b6a4b2a5b2b5b294b694f6bcb635c0000000000000
-81.55740514978186,0xad9694969096b0b6a4a424b6a4b2a5b2b5b294b694f6bcb635a0000000000000
-81.61069134112957,0xad9694969096b0b6a4a424b6a4b2a5b2b5b294b694f6bcb63590000000000000
-81.55447884634896,0xad9694969096b0b6a4a424b6a4b2a5b2b5b294b694f6bcb63598000000000000
-81.61783824695812,0xad9694969096b0b6a4a424b6a4b2a5b2b5b294b694f6bcb63594000000000000
-81.64061440573586,0xad9694969096b0b6a4a424b6a4b2a5b2b5b294b694f6bcb63596000000000000
-81.58317475218873,0xad9694969096b0b6a4a424b6a4b2a5b2b5b294b694f6bcb63597000000000000
-81.68949944251305,0xad9694969096b0b6a4a424b6a4b2a5b2b5b294b694f6bcb63596800000000000
-81.59063085809454,0xad9694969096b0b6a4a424b6a4b2a5b2b5b294b694f6bcb63596c00000000000
-81.62224021705833,0xad9694969096b0b6a4a424b6a4b2a5b2b5b294b694f6bcb63596a00000000000
-81.72107581444435,0xad9694969096b0b6a4a424b6a4b2a5b2b5b294b694f6bcb63596900000000000
-81.69014000678277,0xad9694969096b0b6a4a424b6a4b2a5b2b5b294b694f6bcb63596980000000000
-81.74690516392786,0xad9694969096b0b6a4a424b6a4b2a5b2b5b294b694f6bcb63596940000000000
-81.70760760083422,0xad9694969096b0b6a4a424b6a4b2a5b2b5b294b694f6bcb63596960000000000
-81.72993735238151,0xad9694969096b0b6a4a424b6a4b2a5b2b5b294b694f6bcb63596950000000000
-81.90179402963979,0xad9694969096b0b6a4a424b6a4b2a5b2b5b294b694f6bcb63596948000000000
-81.958019786305,0xad9694969096b0b6a4a424b6a4b2a5b2b5b294b694f6bcb6359694c000000000
-81.89143129209657,0xad9694969096b0b6a4a424b6a4b2a5b2b5b294b694f6bcb6359694e000000000
-81.98035974340601,0xad9694969096b0b6a4a424b6a4b2a5b2b5b294b694f6bcb6359694d000000000
-81.93912302602183,0xad9694969096b0b6a4a424b6a4b2a5b2b5b294b694f6bcb6359694d800000000
-81.97591990833874,0xad9694969096b0b6a4a424b6a4b2a5b2b5b294b694f6bcb6359694d400000000
-82.03593595735319,0xad9694969096b0b6a4a424b6a4b2a5b2b5b294b694f6bcb6359694d200000000
-82.01046036483048,0xad9694969096b0b6a4a424b6a4b2a5b2b5b294b694f6bcb6359694d300000000
-82.14549283571652,0xad9694969096b0b6a4a424b6a4b2a5b2b5b294b694f6bcb6359694d280000000
-82.03355936665874,0xad9694969096b0b6a4a424b6a4b2a5b2b5b294b694f6bcb6359694d2c0000000
-82.02577165266375,0xad9694969096b0b6a4a424b6a4b2a5b2b5b294b694f6bcb6359694d2a0000000
-82.20860205925666,0xad9694969096b0b6a4a424b6a4b2a5b2b5b294b694f6bcb6359694d290000000
-82.17164371730564,0xad9694969096b0b6a4a424b6a4b2a5b2b5b294b694f6bcb6359694d298000000
-82.23771566110891,0xad9694969096b0b6a4a424b6a4b2a5b2b5b294b694f6bcb6359694d294000000
-82.19739624694154,0xad9694969096b0b6a4a424b6a4b2a5b2b5b294b694f6bcb6359694d296000000
-82.20464594761927,0xad9694969096b0b6a4a424b6a4b2a5b2b5b294b694f6bcb6359694d295000000
-82.37609002020929,0xad9694969096b0b6a4a424b6a4b2a5b2b5b294b694f6bcb6359694d294800000
-82.3034358219905,0xad9694969096b0b6a4a424b6a4b2a5b2b5b294b694f6bcb6359694d294c00000
-82.27783000385844,0xad9694969096b0b6a4a424b6a4b2a5b2b5b294b694f6bcb6359694d294a00000
-82.44328820288598,0xad9694969096b0b6a4a424b6a4b2a5b2b5b294b694f6bcb6359694d294900000
-82.352438508452,0xad9694969096b0b6a4a424b6a4b2a5b2b5b294b694f6bcb6359694d294980000
-82.41020251416064,0xad9694969096b0b6a4a424b6a4b2a5b2b5b294b694f6bcb6359694d294940000
-82.56299626124608,0xad9694969096b0b6a4a424b6a4b2a5b2b5b294b694f6bcb6359694d294920000
-82.55984759259296,0xad9694969096b0b6a4a424b6a4b2a5b2b5b294b694f6bcb6359694d294930000
-82.67032364150742,0xad9694969096b0b6a4a424b6a4b2a5b2b5b294b694f6bcb6359694d294928000
-82.608851971088,0xad9694969096b0b6a4a424b6a4b2a5b2b5b294b694f6bcb6359694d29492c000
-82.66856593876095,0xad9694969096b0b6a4a424b6a4b2a5b2b5b294b694f6bcb6359694d29492a000
-82.72446386773626,0xad9694969096b0b6a4a424b6a4b2a5b2b5b294b694f6bcb6359694d294929000
-82.69312430428458,0xad9694969096b0b6a4a424b6a4b2a5b2b5b294b694f6bcb6359694d294929800
-82.76598815460662,0xad9694969096b0b6a4a424b6a4b2a5b2b5b294b694f6bcb6359694d294929400
-82.73844975977391,0xad9694969096b0b6a4a424b6a4b2a5b2b5b294b694f6bcb6359694d294929600
-82.78451630309388,0xad9694969096b0b6a4a424b6a4b2a5b2b5b294b694f6bcb6359694d294929500
-82.82128029746133,0xad9694969096b0b6a4a424b6a4b2a5b2b5b294b694f6bcb6359694d294929580
-82.68634303776058,0xad9694969096b0b6a4a424b6a4b2a5b2b5b294b694f6bcb6359694d2949295c0
-82.80713365461443,0xad9694969096b0b6a4a424b6a4b2a5b2b5b294b694f6bcb6359694d2949295a0
-82.87100719714856,0xad9694969096b0b6a4a424b6a4b2a5b2b5b294b694f6bcb6359694d294929590
-82.71464038585925,0xad9694969096b0b6a4a424b6a4b2a5b2b5b294b694f6bcb6359694d294929598
-82.85286833832672,0xad9694969096b0b6a4a424b6a4b2a5b2b5b294b694f6bcb6359694d294929594
-82.96273040009306,0xad9694969096b0b6a4a424b6a4b2a5b2b5b294b694f6bcb6359694d294929592
-82.89636412629119,0xad9694969096b0b6a4a424b6a4b2a5b2b5b294b694f6bcb6359694d294929593
MAX
-77.5791761796553,0x0000000000000000000000000000000000000000000000000000000000000000
-77.5760859547557,0x8000000000000000000000000000000000000000000000000000000000000000
-77.5506792097063,0xc000000000000000000000000000000000000000000000000000000000000000
-77.61350061986353,0xe000000000000000000000000000000000000000000000000000000000000000
-77.5416105882033,0xd000000000000000000000000000000000000000000000000000000000000000
-77.55786541339519,0xd800000000000000000000000000000000000000000000000000000000000000
-77.5907400704764,0xd400000000000000000000000000000000000000000000000000000000000000
-77.48677051555622,0xd200000000000000000000000000000000000000000000000000000000000000
-77.53098530345387,0xd300000000000000000000000000000000000000000000000000000000000000
-77.5572191099306,0xd280000000000000000000000000000000000000000000000000000000000000
-77.41257190227985,0xd240000000000000000000000000000000000000000000000000000000000000
-77.4394447867806,0xd260000000000000000000000000000000000000000000000000000000000000
-77.4559949556669,0xd250000000000000000000000000000000000000000000000000000000000000
-77.37439733118444,0xd248000000000000000000000000000000000000000000000000000000000000
-77.42119487872966,0xd24c000000000000000000000000000000000000000000000000000000000000
-77.41003788386907,0xd24a000000000000000000000000000000000000000000000000000000000000
-77.33911651093048,0xd249000000000000000000000000000000000000000000000000000000000000
-77.39243620759123,0xd249800000000000000000000000000000000000000000000000000000000000
-77.31019216531759,0xd249400000000000000000000000000000000000000000000000000000000000
-77.33630579168147,0xd249600000000000000000000000000000000000000000000000000000000000
-77.32019987306394,0xd249500000000000000000000000000000000000000000000000000000000000
-77.29530047894,0xd249480000000000000000000000000000000000000000000000000000000000
-77.32813511409245,0xd2494c0000000000000000000000000000000000000000000000000000000000
-77.2494299676154,0xd2494a0000000000000000000000000000000000000000000000000000000000
-77.26713064309958,0xd2494b0000000000000000000000000000000000000000000000000000000000
-77.33284736656167,0xd2494a8000000000000000000000000000000000000000000000000000000000
-77.20690173321552,0xd2494a4000000000000000000000000000000000000000000000000000000000
-77.1776703597306,0xd2494a6000000000000000000000000000000000000000000000000000000000
-77.23222377750423,0xd2494a7000000000000000000000000000000000000000000000000000000000
-77.13540299574693,0xd2494a6800000000000000000000000000000000000000000000000000000000
-77.15219872290795,0xd2494a6c00000000000000000000000000000000000000000000000000000000
-77.18712350729105,0xd2494a6a00000000000000000000000000000000000000000000000000000000
-77.11528642408616,0xd2494a6900000000000000000000000000000000000000000000000000000000
-77.18411463719386,0xd2494a6980000000000000000000000000000000000000000000000000000000
-77.09313625674862,0xd2494a6940000000000000000000000000000000000000000000000000000000
-77.077102554428,0xd2494a6960000000000000000000000000000000000000000000000000000000
-77.10265812983403,0xd2494a6970000000000000000000000000000000000000000000000000000000
-77.0688795228819,0xd2494a6968000000000000000000000000000000000000000000000000000000
-77.08474229932665,0xd2494a696c000000000000000000000000000000000000000000000000000000
-77.03351176106608,0xd2494a696a000000000000000000000000000000000000000000000000000000
-77.01825733927937,0xd2494a696b000000000000000000000000000000000000000000000000000000
-77.08462577004295,0xd2494a696b800000000000000000000000000000000000000000000000000000
-76.98472817008431,0xd2494a696b400000000000000000000000000000000000000000000000000000
-76.99490560708823,0xd2494a696b600000000000000000000000000000000000000000000000000000
-77.02969557755478,0xd2494a696b500000000000000000000000000000000000000000000000000000
-76.93468828229875,0xd2494a696b480000000000000000000000000000000000000000000000000000
-76.94114810817844,0xd2494a696b4c0000000000000000000000000000000000000000000000000000
-76.95672850556426,0xd2494a696b4a0000000000000000000000000000000000000000000000000000
-76.89155112922965,0xd2494a696b490000000000000000000000000000000000000000000000000000
-76.91055963994502,0xd2494a696b498000000000000000000000000000000000000000000000000000
-76.84417133921986,0xd2494a696b494000000000000000000000000000000000000000000000000000
-76.88719641412055,0xd2494a696b496000000000000000000000000000000000000000000000000000
-76.88773589081816,0xd2494a696b495000000000000000000000000000000000000000000000000000
-76.8158828552429,0xd2494a696b494800000000000000000000000000000000000000000000000000
-76.84009866018991,0xd2494a696b494c00000000000000000000000000000000000000000000000000
-76.80025286298175,0xd2494a696b494a00000000000000000000000000000000000000000000000000
-76.82857655192707,0xd2494a696b494b00000000000000000000000000000000000000000000000000
-76.88324505846936,0xd2494a696b494a80000000000000000000000000000000000000000000000000
-76.77556179477261,0xd2494a696b494a40000000000000000000000000000000000000000000000000
-76.8141890915481,0xd2494a696b494a60000000000000000000000000000000000000000000000000
-76.80174981726037,0xd2494a696b494a50000000000000000000000000000000000000000000000000
-76.71127099066705,0xd2494a696b494a48000000000000000000000000000000000000000000000000
-76.76891364250983,0xd2494a696b494a4c000000000000000000000000000000000000000000000000
-76.72724994579396,0xd2494a696b494a4a000000000000000000000000000000000000000000000000
-76.66367841600538,0xd2494a696b494a49000000000000000000000000000000000000000000000000
-76.67188570096896,0xd2494a696b494a49800000000000000000000000000000000000000000000000
-76.62507780305631,0xd2494a696b494a49400000000000000000000000000000000000000000000000
-76.70967380245487,0xd2494a696b494a49600000000000000000000000000000000000000000000000
-76.64164919857974,0xd2494a696b494a49500000000000000000000000000000000000000000000000
-76.57699145946826,0xd2494a696b494a49480000000000000000000000000000000000000000000000
-76.64498556100881,0xd2494a696b494a494c0000000000000000000000000000000000000000000000
-76.5569183090469,0xd2494a696b494a494a0000000000000000000000000000000000000000000000
-76.58424205951519,0xd2494a696b494a494b0000000000000000000000000000000000000000000000
-76.63480409208711,0xd2494a696b494a494a8000000000000000000000000000000000000000000000
-76.54547422487181,0xd2494a696b494a494a4000000000000000000000000000000000000000000000
-76.58601592804169,0xd2494a696b494a494a6000000000000000000000000000000000000000000000
-76.55589629791595,0xd2494a696b494a494a5000000000000000000000000000000000000000000000
-76.50812054918958,0xd2494a696b494a494a4800000000000000000000000000000000000000000000
-76.60735451377236,0xd2494a696b494a494a4c00000000000000000000000000000000000000000000
-76.54108579104002,0xd2494a696b494a494a4a00000000000000000000000000000000000000000000
-76.45756792950702,0xd2494a696b494a494a4900000000000000000000000000000000000000000000
-76.45831458123176,0xd2494a696b494a494a4980000000000000000000000000000000000000000000
-76.42135639171619,0xd2494a696b494a494a4940000000000000000000000000000000000000000000
-76.4779221175553,0xd2494a696b494a494a4960000000000000000000000000000000000000000000
-76.43006195007385,0xd2494a696b494a494a4950000000000000000000000000000000000000000000
-76.37752018489323,0xd2494a696b494a494a4948000000000000000000000000000000000000000000
-76.45052692821095,0xd2494a696b494a494a494c000000000000000000000000000000000000000000
-76.36375549956635,0xd2494a696b494a494a494a000000000000000000000000000000000000000000
-76.34473953475724,0xd2494a696b494a494a494b000000000000000000000000000000000000000000
-76.40207182801329,0xd2494a696b494a494a494b800000000000000000000000000000000000000000
-76.33879072587568,0xd2494a696b494a494a494b400000000000000000000000000000000000000000
-76.35124377270678,0xd2494a696b494a494a494b600000000000000000000000000000000000000000
-76.35354714103036,0xd2494a696b494a494a494b500000000000000000000000000000000000000000
-76.28785247497864,0xd2494a696b494a494a494b480000000000000000000000000000000000000000
-76.35387983903304,0xd2494a696b494a494a494b4c0000000000000000000000000000000000000000
-76.33338952612328,0xd2494a696b494a494a494b4a0000000000000000000000000000000000000000
-76.2525493762829,0xd2494a696b494a494a494b490000000000000000000000000000000000000000
-76.24600213629144,0xd2494a696b494a494a494b498000000000000000000000000000000000000000
-76.20536223420135,0xd2494a696b494a494a494b49c000000000000000000000000000000000000000
-76.24161929684085,0xd2494a696b494a494a494b49e000000000000000000000000000000000000000
-76.20475531243659,0xd2494a696b494a494a494b49d000000000000000000000000000000000000000
-76.18031075522379,0xd2494a696b494a494a494b49d800000000000000000000000000000000000000
-76.24547099019145,0xd2494a696b494a494a494b49dc00000000000000000000000000000000000000
-76.16504216456151,0xd2494a696b494a494a494b49da00000000000000000000000000000000000000
-76.18313539945163,0xd2494a696b494a494a494b49db00000000000000000000000000000000000000
-76.25037204921543,0xd2494a696b494a494a494b49da80000000000000000000000000000000000000
-76.15603304623843,0xd2494a696b494a494a494b49da40000000000000000000000000000000000000
-76.17324310058838,0xd2494a696b494a494a494b49da60000000000000000000000000000000000000
-76.1871199403014,0xd2494a696b494a494a494b49da50000000000000000000000000000000000000
-76.10465923389354,0xd2494a696b494a494a494b49da48000000000000000000000000000000000000
-76.1191882153491,0xd2494a696b494a494a494b49da4c000000000000000000000000000000000000
-76.13983693156209,0xd2494a696b494a494a494b49da4a000000000000000000000000000000000000
-76.09881247292746,0xd2494a696b494a494a494b49da49000000000000000000000000000000000000
-76.11506621582762,0xd2494a696b494a494a494b49da49800000000000000000000000000000000000
-76.04829825173606,0xd2494a696b494a494a494b49da49400000000000000000000000000000000000
-76.07111450866029,0xd2494a696b494a494a494b49da49600000000000000000000000000000000000
-76.05442907617285,0xd2494a696b494a494a494b49da49500000000000000000000000000000000000
-76.024591558344,0xd2494a696b494a494a494b49da49480000000000000000000000000000000000
-76.08688396411938,0xd2494a696b494a494a494b49da494c0000000000000000000000000000000000
-75.99760377561891,0xd2494a696b494a494a494b49da494a0000000000000000000000000000000000
-76.03074960013132,0xd2494a696b494a494a494b49da494b0000000000000000000000000000000000
-76.0926362608339,0xd2494a696b494a494a494b49da494a8000000000000000000000000000000000
-75.97861497480791,0xd2494a696b494a494a494b49da494a4000000000000000000000000000000000
-76.01580110868136,0xd2494a696b494a494a494b49da494a6000000000000000000000000000000000
-76.01429680701379,0xd2494a696b494a494a494b49da494a5000000000000000000000000000000000
-75.91881690087257,0xd2494a696b494a494a494b49da494a4800000000000000000000000000000000
-75.92451559365927,0xd2494a696b494a494a494b49da494a4c00000000000000000000000000000000
-75.95925067974018,0xd2494a696b494a494a494b49da494a4a00000000000000000000000000000000
-75.92479623495402,0xd2494a696b494a494a494b49da494a4900000000000000000000000000000000
-75.97048049301772,0xd2494a696b494a494a494b49da494a4880000000000000000000000000000000
-75.8871560263467,0xd2494a696b494a494a494b49da494a4840000000000000000000000000000000
-75.89618605881424,0xd2494a696b494a494a494b49da494a4860000000000000000000000000000000
-75.91412396197552,0xd2494a696b494a494a494b49da494a4850000000000000000000000000000000
-75.86512485012545,0xd2494a696b494a494a494b49da494a4848000000000000000000000000000000
-75.90618169367254,0xd2494a696b494a494a494b49da494a484c000000000000000000000000000000
-75.85185199017292,0xd2494a696b494a494a494b49da494a484a000000000000000000000000000000
-75.8513935938939,0xd2494a696b494a494a494b49da494a484b000000000000000000000000000000
-75.90936737365418,0xd2494a696b494a494a494b49da494a484b800000000000000000000000000000
-75.84815877634328,0xd2494a696b494a494a494b49da494a484b400000000000000000000000000000
-75.87882092425397,0xd2494a696b494a494a494b49da494a484b600000000000000000000000000000
-75.86370150692814,0xd2494a696b494a494a494b49da494a484b500000000000000000000000000000
-75.79354475785445,0xd2494a696b494a494a494b49da494a484b480000000000000000000000000000
-75.8008504404531,0xd2494a696b494a494a494b49da494a484b4c0000000000000000000000000000
-75.85272967541492,0xd2494a696b494a494a494b49da494a484b4a0000000000000000000000000000
-75.79589945881754,0xd2494a696b494a494a494b49da494a484b490000000000000000000000000000
-75.81628624518791,0xd2494a696b494a494a494b49da494a484b488000000000000000000000000000
-75.76497196651005,0xd2494a696b494a494a494b49da494a484b484000000000000000000000000000
-75.75028690639195,0xd2494a696b494a494a494b49da494a484b486000000000000000000000000000
-75.78162381746671,0xd2494a696b494a494a494b49da494a484b487000000000000000000000000000
-75.733565636329,0xd2494a696b494a494a494b49da494a484b486800000000000000000000000000
-75.76887095296061,0xd2494a696b494a494a494b49da494a484b486c00000000000000000000000000
-75.73058224581814,0xd2494a696b494a494a494b49da494a484b486a00000000000000000000000000
-75.7257510098544,0xd2494a696b494a494a494b49da494a484b486b00000000000000000000000000
-75.77609181285024,0xd2494a696b494a494a494b49da494a484b486b80000000000000000000000000
-75.73687231195318,0xd2494a696b494a494a494b49da494a484b486b40000000000000000000000000
-75.73813334949962,0xd2494a696b494a494a494b49da494a484b486b20000000000000000000000000
-75.73753368366253,0xd2494a696b494a494a494b49da494a484b486b10000000000000000000000000
-75.67624070570542,0xd2494a696b494a494a494b49da494a484b486b08000000000000000000000000
-75.67925664880774,0xd2494a696b494a494a494b49da494a484b486b0c000000000000000000000000
-75.7209788807384,0xd2494a696b494a494a494b49da494a484b486b0a000000000000000000000000
-75.66133539921992,0xd2494a696b494a494a494b49da494a484b486b09000000000000000000000000
-75.67797376726057,0xd2494a696b494a494a494b49da494a484b486b09800000000000000000000000
-75.61551624340015,0xd2494a696b494a494a494b49da494a484b486b09400000000000000000000000
-75.62967994377449,0xd2494a696b494a494a494b49da494a484b486b09600000000000000000000000
-75.6455614469149,0xd2494a696b494a494a494b49da494a484b486b09500000000000000000000000
-75.60307243415764,0xd2494a696b494a494a494b49da494a484b486b09480000000000000000000000
-75.65865916615124,0xd2494a696b494a494a494b49da494a484b486b094c0000000000000000000000
-75.59385748986121,0xd2494a696b494a494a494b49da494a484b486b094a0000000000000000000000
-75.58018367130916,0xd2494a696b494a494a494b49da494a484b486b094b0000000000000000000000
-75.65405249810004,0xd2494a696b494a494a494b49da494a484b486b094b8000000000000000000000
-75.6061776129754,0xd2494a696b494a494a494b49da494a484b486b094b4000000000000000000000
-75.5819780652697,0xd2494a696b494a494a494b49da494a484b486b094b2000000000000000000000
-75.60457036402319,0xd2494a696b494a494a494b49da494a484b486b094b1000000000000000000000
-75.53267970737758,0xd2494a696b494a494a494b49da494a484b486b094b0800000000000000000000
-75.54242324448013,0xd2494a696b494a494a494b49da494a484b486b094b0c00000000000000000000
-75.56496914188106,0xd2494a696b494a494a494b49da494a484b486b094b0a00000000000000000000
-75.51675885302441,0xd2494a696b494a494a494b49da494a484b486b094b0900000000000000000000
-75.54990272636299,0xd2494a696b494a494a494b49da494a484b486b094b0980000000000000000000
-75.46243674081046,0xd2494a696b494a494a494b49da494a484b486b094b0940000000000000000000
-75.50629304624819,0xd2494a696b494a494a494b49da494a484b486b094b0960000000000000000000
-75.48114783470923,0xd2494a696b494a494a494b49da494a484b486b094b0950000000000000000000
-75.46435206943934,0xd2494a696b494a494a494b49da494a484b486b094b0948000000000000000000
-75.53123945908827,0xd2494a696b494a494a494b49da494a484b486b094b0944000000000000000000
-75.44351148271895,0xd2494a696b494a494a494b49da494a484b486b094b0942000000000000000000
-75.43944692849875,0xd2494a696b494a494a494b49da494a484b486b094b0943000000000000000000
-75.52177985588631,0xd2494a696b494a494a494b49da494a484b486b094b0943800000000000000000
-75.45551524128948,0xd2494a696b494a494a494b49da494a484b486b094b0943400000000000000000
-75.42602334036813,0xd2494a696b494a494a494b49da494a484b486b094b0943200000000000000000
-75.44396397974585,0xd2494a696b494a494a494b49da494a484b486b094b0943300000000000000000
-75.39584399365283,0xd2494a696b494a494a494b49da494a484b486b094b0943280000000000000000
-75.42074545327719,0xd2494a696b494a494a494b49da494a484b486b094b09432c0000000000000000
-75.43490714150352,0xd2494a696b494a494a494b49da494a484b486b094b09432a0000000000000000
-75.38712403776643,0xd2494a696b494a494a494b49da494a484b486b094b0943290000000000000000
-75.40502076811129,0xd2494a696b494a494a494b49da494a484b486b094b0943298000000000000000
-75.35858619225013,0xd2494a696b494a494a494b49da494a484b486b094b0943294000000000000000
-75.36569989001477,0xd2494a696b494a494a494b49da494a484b486b094b0943296000000000000000
-75.3668790925871,0xd2494a696b494a494a494b49da494a484b486b094b0943295000000000000000
-75.35229626330701,0xd2494a696b494a494a494b49da494a484b486b094b0943294800000000000000
-75.3931737055669,0xd2494a696b494a494a494b49da494a484b486b094b0943294c00000000000000
-75.34273065648951,0xd2494a696b494a494a494b49da494a484b486b094b0943294a00000000000000
-75.34484582037835,0xd2494a696b494a494a494b49da494a484b486b094b0943294b00000000000000
-75.41480064582635,0xd2494a696b494a494a494b49da494a484b486b094b0943294a80000000000000
-75.35200624723177,0xd2494a696b494a494a494b49da494a484b486b094b0943294a40000000000000
-75.32658261995573,0xd2494a696b494a494a494b49da494a484b486b094b0943294a20000000000000
-75.34736624916832,0xd2494a696b494a494a494b49da494a484b486b094b0943294a30000000000000
-75.31331498091753,0xd2494a696b494a494a494b49da494a484b486b094b0943294a28000000000000
-75.32947386323393,0xd2494a696b494a494a494b49da494a484b486b094b0943294a2c000000000000
-75.34366968938045,0xd2494a696b494a494a494b49da494a484b486b094b0943294a2a000000000000
-75.30485768656392,0xd2494a696b494a494a494b49da494a484b486b094b0943294a29000000000000
-75.32523913769336,0xd2494a696b494a494a494b49da494a484b486b094b0943294a29800000000000
-75.2948617773218,0xd2494a696b494a494a494b49da494a484b486b094b0943294a29400000000000
-75.26023839594244,0xd2494a696b494a494a494b49da494a484b486b094b0943294a29600000000000
-75.28149305833327,0xd2494a696b494a494a494b49da494a484b486b094b0943294a29700000000000
-75.26165499387088,0xd2494a696b494a494a494b49da494a484b486b094b0943294a29680000000000
-75.2837308260587,0xd2494a696b494a494a494b49da494a484b486b094b0943294a29640000000000
-75.25761398330673,0xd2494a696b494a494a494b49da494a484b486b094b0943294a29620000000000
-75.21725389935992,0xd2494a696b494a494a494b49da494a484b486b094b0943294a29630000000000
-75.30417125446574,0xd2494a696b494a494a494b49da494a484b486b094b0943294a29638000000000
-75.2649775761348,0xd2494a696b494a494a494b49da494a484b486b094b0943294a29634000000000
-75.20143671635981,0xd2494a696b494a494a494b49da494a484b486b094b0943294a29632000000000
-75.22011450311163,0xd2494a696b494a494a494b49da494a484b486b094b0943294a29633000000000
-75.1930741606416,0xd2494a696b494a494a494b49da494a484b486b094b0943294a29632800000000
-75.18426359712065,0xd2494a696b494a494a494b49da494a484b486b094b0943294a29632c00000000
-75.21699183232539,0xd2494a696b494a494a494b49da494a484b486b094b0943294a29632e00000000
-75.19121258075421,0xd2494a696b494a494a494b49da494a484b486b094b0943294a29632d00000000
-75.23963047907903,0xd2494a696b494a494a494b49da494a484b486b094b0943294a29632c80000000
-75.17077011733384,0xd2494a696b494a494a494b49da494a484b486b094b0943294a29632c40000000
-75.14154295106749,0xd2494a696b494a494a494b49da494a484b486b094b0943294a29632c60000000
-75.18953668249475,0xd2494a696b494a494a494b49da494a484b486b094b0943294a29632c70000000
-75.1376818524493,0xd2494a696b494a494a494b49da494a484b486b094b0943294a29632c68000000
-75.15148434176908,0xd2494a696b494a494a494b49da494a484b486b094b0943294a29632c6c000000
-75.13168570473715,0xd2494a696b494a494a494b49da494a484b486b094b0943294a29632c6a000000
-75.12830238456611,0xd2494a696b494a494a494b49da494a484b486b094b0943294a29632c6b000000
-75.23612683398144,0xd2494a696b494a494a494b49da494a484b486b094b0943294a29632c6b800000
-75.1762037553511,0xd2494a696b494a494a494b49da494a484b486b094b0943294a29632c6b400000
-75.10190566269668,0xd2494a696b494a494a494b49da494a484b486b094b0943294a29632c6b200000
-75.146782515885,0xd2494a696b494a494a494b49da494a484b486b094b0943294a29632c6b300000
-75.08869684850062,0xd2494a696b494a494a494b49da494a484b486b094b0943294a29632c6b280000
-75.07665379969151,0xd2494a696b494a494a494b49da494a484b486b094b0943294a29632c6b2c0000
-75.13826168643368,0xd2494a696b494a494a494b49da494a484b486b094b0943294a29632c6b2e0000
-75.09953374414891,0xd2494a696b494a494a494b49da494a484b486b094b0943294a29632c6b2d0000
-75.11038951130656,0xd2494a696b494a494a494b49da494a484b486b094b0943294a29632c6b2c8000
-75.04616064172643,0xd2494a696b494a494a494b49da494a484b486b094b0943294a29632c6b2c4000
-75.05703599684007,0xd2494a696b494a494a494b49da494a484b486b094b0943294a29632c6b2c6000
-75.08794952605987,0xd2494a696b494a494a494b49da494a484b486b094b0943294a29632c6b2c5000
-75.03527578226218,0xd2494a696b494a494a494b49da494a484b486b094b0943294a29632c6b2c4800
-75.0541294109333,0xd2494a696b494a494a494b49da494a484b486b094b0943294a29632c6b2c4c00
-75.03206325077511,0xd2494a696b494a494a494b49da494a484b486b094b0943294a29632c6b2c4a00
-75.06115795063091,0xd2494a696b494a494a494b49da494a484b486b094b0943294a29632c6b2c4b00
-75.10465314409711,0xd2494a696b494a494a494b49da494a484b486b094b0943294a29632c6b2c4a80
-75.02855996390085,0xd2494a696b494a494a494b49da494a484b486b094b0943294a29632c6b2c4a40
-75.03739902523014,0xd2494a696b494a494a494b49da494a484b486b094b0943294a29632c6b2c4a60
-75.05491452974516,0xd2494a696b494a494a494b49da494a484b486b094b0943294a29632c6b2c4a50
-74.97990258185418,0xd2494a696b494a494a494b49da494a484b486b094b0943294a29632c6b2c4a48
-74.9944434913841,0xd2494a696b494a494a494b49da494a484b486b094b0943294a29632c6b2c4a4c
-75.03094001488014,0xd2494a696b494a494a494b49da494a484b486b094b0943294a29632c6b2c4a4a
-74.97175526499868,0xd2494a696b494a494a494b49da494a484b486b094b0943294a29632c6b2c4a49
