30, 48, 43, 129, 22, 198, 146, 64, 0
mean = 75.55555555555556
std = 62.73066078457276
max = 198
min = 0
38, 33, 12, 14, 13, 13, 12, 13, 14, 11, 13, 16, 13, 14, 14, 14, 14, 13, 14, 12, 28, 0, 11, 11, 14, 14, 13, 14, 12, 11, 12, 14, 13, 11, 12, 14, 13, 13, 11, 13, 18, 0, 12, 13, 14, 13, 12, 13, 14, 13, 14, 15, 14, 12, 13, 14, 11, 13, 15, 12, 12, 14, 13, 14, 12, 15, 13, 13, 13, 13, 14, 12, 12, 14, 14, 11, 14, 14, 14, 11, 13, 12, 13, 16, 13, 15, 2, 16, 14, 14, 13, 14, 13, 16, 13, 14, 13, 15
mean = 13.46938775510204
std = 4.3429607168867514
max = 38
min = 0
39, 38, 0, 15, 38, 37, 38, 37, 39, 38, 37, 38, 37, 40, 39, 38, 13, 11, 13, 14, 12, 0, 13, 0, 12, 12, 13, 0, 14, 13, 13, 13, 0, 12, 13, 0, 12, 14, 15, 11, 12, 12, 12, 13, 39, 0, 13, 0, 11, 13, 13, 13, 13, 15, 15, 13, 13, 13, 0, 0, 15, 15, 13, 12, 13, 13, 0, 13, 12, 14, 23, 15, 0, 18, 15, 14, 38, 36, 12, 12, 11, 13, 14, 13, 13, 14, 13, 11, 14, 13, 12, 13, 12, 13, 13
mean = 15.989473684210527
std = 11.247918859520642
max = 40
min = 0
36, 13, 13, 11, 13, 11, 14, 12, 14, 18, 16, 12, 17, 12, 13, 0, 14, 11, 14, 14, 14, 14, 14, 11, 14, 12, 13, 11, 14, 11, 14, 11, 14, 11, 15, 12, 14, 11, 12, 0, 14, 12, 14, 0, 15, 0, 14, 11, 14, 16, 12, 11, 15, 11, 14, 11, 14, 11, 14, 13, 14, 0, 13, 12, 14, 11, 13, 14, 12, 11, 13, 11, 14, 11, 12, 13, 14, 11, 13, 12, 13, 12, 13, 12, 15, 0, 13, 12, 13, 12, 12, 13, 14, 12, 13, 12, 39, 12
mean = 12.612244897959183
std = 4.950020929787177
max = 39
min = 0
