N; Pattern; Power; Alfa; Beta; a; b; c; d; e; f; trace
200000;0x0000000000000000000000000000000000000000000000000000000000000000;-83.40349689220908;-71.05198455669904;21.03453827490834;3.55;3.98;4.44668888888889;1.31;3.283611111111111;7.02;[-102.71318054199219, -102.57172393798828, -102.2075424194336, -102.61453247070312, -102.81075286865234, -102.46975708007812, -102.52483367919922, -102.84050750732422, -102.92897033691406, -102.82569885253906, -102.7614517211914, -102.78822326660156, -102.83677673339844, -102.7358169555664, -102.4931411743164, -102.40758514404297, -102.33753204345703, -102.6258316040039, -102.60651397705078, -102.31376647949219, -102.35931396484375, -102.57971954345703, -102.52899169921875, -102.4254379272461, -102.36569213867188, -102.8799057006836, -102.82411193847656, -102.81430053710938, -102.80136108398438, -102.83943176269531, -102.82740020751953, -102.65775299072266, -102.5572280883789, -102.65387725830078, -102.6737289428711, -102.47630310058594, -102.28305053710938, -102.72257232666016, -102.9013671875, -102.87561798095703, -102.69007873535156, -102.73165130615234, -102.46923065185547, -102.5787582397461, -102.6587905883789, -102.7196273803711, -102.9637680053711, -102.38912200927734, -102.38420104980469, -102.7192153930664, -102.77159881591797, -102.64611053466797, -102.59561920166016, -102.40156555175781, -102.08528900146484, -102.53124237060547, -102.69725036621094, -102.55062866210938, -102.44593811035156, -102.42933654785156, -102.27570343017578, -102.71660614013672, -102.7135009765625, -102.37702941894531, -102.31963348388672, -102.78499603271484, -102.66279602050781, -102.60504913330078, -102.54878234863281, -102.29767608642578, -102.2095718383789, -102.64441680908203, -102.49788665771484, -102.28489685058594, -102.10021209716797, -102.54076385498047, -102.37958526611328, -102.37723541259766, -102.45081329345703, -103.0602798461914, -102.89383697509766, -102.75507354736328, -102.723388671875, -102.78301239013672, -102.67735290527344, -102.7568588256836, -102.45833587646484, -102.89887237548828, -102.74102783203125, -102.90634155273438, -102.864013671875, -102.68146514892578, -102.78820037841797, -102.74763488769531, -102.86175537109375, -102.78359985351562, -102.7457275390625, -102.52901458740234, -102.62400817871094, -102.63821411132812, -102.42818450927734, -103.11235809326172, -103.15363311767578, -102.81648254394531, -102.90089416503906, -102.9421615600586, -102.95768737792969, -102.60958099365234, -102.51957702636719, -102.6143569946289, -102.83275604248047, -102.11807250976562, -101.96161651611328, -103.02124786376953, -102.90603637695312, -103.06092071533203, -102.90672302246094, -102.93418884277344, -102.76310729980469, -102.81166076660156, -102.66542053222656, -102.56245422363281, -102.62792205810547, -102.75811004638672, -102.62191772460938, -102.86126708984375, -102.74539947509766, -102.96463775634766, -103.16189575195312, -102.9112319946289, -102.80156707763672, -102.68376159667969, -102.83839416503906, -102.84012603759766, -102.62712097167969, -103.02201843261719, -102.72079467773438, -102.5328140258789, -102.59984588623047, -102.58631134033203, -102.54106140136719, -102.71831512451172, -102.75402069091797, -102.68140411376953, -102.53093719482422, -102.45059967041016, -102.1499252319336, -102.3074951171875, -102.54039001464844, -103.03828430175781, -102.7966079711914, -102.46744537353516, -102.44554138183594, -102.66582489013672, -102.52368927001953, -102.63725280761719, -102.48553466796875, -102.7478256225586, -102.4234848022461, -102.84710693359375, -102.92711639404297, -102.64273834228516, -102.74340057373047, -102.91902160644531, -102.71478271484375, -102.63794708251953, -102.71942901611328, -102.98841857910156, -103.05036163330078, -103.16401672363281, -102.94418334960938, -102.89505767822266, -102.66976165771484, -102.84774780273438, -103.06742858886719, -102.9571533203125, -102.92367553710938, -102.80352783203125, -102.58168029785156, -102.67306518554688, -102.967041015625, -102.84259796142578, -102.6674575805664, -103.21412658691406, -103.11911010742188, -103.02831268310547, -103.0094985961914, -102.93864440917969, -102.89879608154297, -102.93751525878906, -103.07799530029297, -102.93307495117188, -102.74254608154297, -102.8367919921875, -102.73451232910156, -103.13362121582031, -103.04507446289062, -102.94896697998047, -102.9149169921875, -102.6901626586914, -102.65985870361328, -102.88780975341797, -103.04096221923828, -102.67452239990234, -102.59404754638672, -103.0821304321289, -102.91341400146484, -102.6588363647461, -102.3766098022461, -102.63270568847656, -102.7645263671875, -103.00885009765625, -102.91332244873047, -102.8210220336914, -102.91553497314453, -103.05901336669922, -102.98858642578125, -102.35372161865234, -102.25289916992188, -102.91148376464844, -102.6622314453125, -102.69480895996094, -100.35673522949219, -84.30271911621094, -83.3337173461914, -84.759521484375, -83.78630828857422, -84.77747344970703, -83.66835021972656, -84.50774383544922, -83.29680633544922, -84.23896026611328, -82.9095458984375, -84.09198760986328, -83.325439453125, -84.1833267211914, -83.51185607910156, -84.39497375488281, -83.59327697753906, -84.3785629272461, -83.47772979736328, -84.20388793945312, -83.19896697998047, -84.30608367919922, -83.19178771972656, -84.5289077758789, -83.29857635498047, -84.53395080566406, -83.39570617675781, -83.66862487792969, -83.08244323730469, -83.81298828125, -83.08082580566406, -83.71807098388672, -82.90604400634766, -83.5064697265625, -82.56771850585938, -83.64761352539062, -82.63184356689453, -83.7081298828125, -82.55711364746094, -83.8482437133789, -82.61011505126953, -83.86946868896484, -82.71208190917969, -83.54895782470703, -82.93669891357422, -83.36992645263672, -82.66510009765625, -83.8304672241211, -82.99794006347656, -83.22595977783203, -82.2476806640625, -83.42554473876953, -82.37345123291016, -83.76225280761719, -82.59457397460938, -83.48971557617188, -82.21084594726562, -83.58680725097656, -82.83191680908203, -83.04273986816406, -82.38875579833984, -83.15794372558594, -82.35211181640625, -83.34542083740234, -82.4813232421875, -83.35400390625, -82.35916900634766, -83.26228332519531, -82.17095947265625, -83.03123474121094, -81.81917572021484, -83.3801498413086, -82.07463836669922, -83.12972259521484, -82.37303161621094, -82.90583038330078, -82.22444915771484, -82.73661041259766, -81.90937805175781, -82.51705169677734, -81.60296630859375, -82.687255859375, -81.67715454101562, -82.84100341796875, -81.72343444824219, -83.08869934082031, -81.84656524658203, -82.77835845947266, -81.61515045166016, -82.45252227783203, -81.83218383789062, -82.34464263916016, -81.64179992675781, -82.40200805664062, -81.5586166381836, -82.46194458007812, -81.53607940673828, -82.34780883789062, -81.2938003540039, -82.09130859375, -80.93639373779297, -82.13705444335938, -80.88505554199219, -82.35771942138672, -81.20581817626953, -82.01765441894531, -81.3655776977539, -81.89395904541016, -81.1509017944336, -82.0140609741211, -81.17491149902344, -82.12826538085938, -81.17523956298828, -81.898193359375, -80.82232666015625, -81.95358276367188, -80.77313232421875, -82.06654357910156, -80.78924560546875, -81.50894165039062, -80.74024963378906, -81.41769409179688, -80.75035858154297, -81.543212890625, -80.76288604736328, -81.5287094116211, -80.65684509277344, -81.72369384765625, -80.71826171875, -81.8335952758789, -80.75101470947266, -81.60531616210938, -80.38330078125, -81.50426483154297, -80.18352508544922, -81.64508056640625, -80.88800048828125, -81.3759765625, -80.68177795410156, -81.22035217285156, -80.39849853515625, -81.55143737792969, -80.65557098388672, -81.35745239257812, -80.34147644042969, -81.29881286621094, -80.18911743164062, -81.45690155029297, -80.21702575683594, -81.8958740234375, -80.76673889160156, -81.27103424072266, -80.65691375732422, -81.17748260498047, -80.45845031738281, -81.57937622070312, -80.7723388671875, -81.67867279052734, -80.74202728271484, -81.63611602783203, -80.60606384277344, -81.52497863769531, -80.3626937866211, -81.80915832519531, -80.56124114990234, -82.08537292480469, -80.95706939697266, -81.50204467773438, -80.83338928222656, -81.51820373535156, -80.7815933227539, -81.86925506591797, -81.01332092285156, -81.84193420410156, -80.87076568603516, -81.94904327392578, -80.88136291503906, -82.0716781616211, -80.90145111083984, -82.30758666992188, -81.03778076171875, -82.2607650756836, -81.52778625488281, -82.05687713623047, -81.38809967041016, -82.14874267578125, -81.37171173095703, -82.24905395507812, -81.39655303955078, -82.41088104248047, -81.39799499511719, -82.52951049804688, -81.4333724975586, -82.39909362792969, -81.19931030273438, -83.11721801757812, -81.82103729248047, -82.76625061035156, -82.01468658447266, -82.46414947509766, -81.78225708007812, -82.9727554321289, -82.1954574584961, -82.87313079833984, -81.96305847167969, -82.94142150878906, -81.96239471435547, -82.9555435180664, -81.80329895019531, -83.1117172241211, -81.88601684570312, -83.23162841796875, -82.094482421875, -82.85179138183594, -82.27448272705078, -83.3292465209961, -82.61346435546875, -83.25909423828125, -82.45610046386719, -83.34300994873047, -82.42887878417969, -83.45575714111328, -82.40666961669922, -83.43955993652344, -82.27131652832031, -83.62167358398438, -82.35613250732422, -83.42996978759766, -82.26499938964844, -83.40990447998047, -82.79792022705078, -83.2745590209961, -82.53742218017578, -83.27620697021484, -82.42140197753906, -83.2651596069336, -82.28852081298828, -83.62094116210938, -82.5914077758789, -83.8488540649414, -82.68730163574219, -83.43319702148438, -82.1353530883789, -83.32598114013672, -82.58919525146484, -83.27029418945312, -82.62628936767578, -83.46186828613281, -82.6822509765625, -83.64903259277344, -82.7701187133789, -83.16897583007812, -82.16877746582031, -83.23889923095703, -82.15702819824219, -83.39228057861328, -82.20500946044922, -83.40969848632812, -82.10430908203125, -83.00189971923828, -82.24000549316406, -83.02301788330078, -82.34223937988281, -83.39716339111328, -82.59956359863281, -82.72139739990234, -81.7900390625, -83.38858795166016, -82.37806701660156, -83.32720184326172, -82.2016372680664, -83.41986846923828, -82.176025390625, -83.39212799072266, -82.23696899414062, -82.60499572753906, -81.97935485839844, -83.20295715332031, -82.51416778564453, -82.95938873291016, -82.11402893066406, -83.00682830810547, -82.05631256103516, -83.1200942993164, -82.0788345336914, -83.3057861328125, -82.17816925048828, -83.29874420166016, -82.03298950195312, -83.23027801513672, -82.05755615234375, -83.07684326171875, -82.44722747802734, -82.85492706298828, -82.11203002929688, -83.22340393066406, -82.36615753173828, -83.28314971923828, -82.32845306396484, -82.90544891357422, -81.84456634521484, -83.46993255615234, -82.29130554199219, -83.26077270507812, -81.97190856933594, -82.98907470703125, -82.26240539550781, -83.33028411865234, -82.69561767578125, -83.29096221923828, -82.50418853759766, -82.95162200927734, -82.07513427734375, -83.65116119384766, -82.69693756103516, -83.66313171386719, -82.57069396972656, -83.61808776855469, -82.40141296386719, -83.44528198242188, -82.09130096435547, -83.65744018554688, -82.91252899169922, -83.60398864746094, -82.9312515258789, -83.43455505371094, -82.65275573730469, -83.86001586914062, -82.96688842773438, -83.57719421386719, -82.55541229248047, -83.86552429199219, -82.75587463378906, -83.88629150390625, -82.63601684570312, -84.39112854003906, -83.2773208618164, -83.57097625732422, -82.98003387451172, -83.91348266601562, -83.20755767822266, -83.82337188720703, -83.00065612792969, -84.07316589355469, -83.13377380371094, -83.843994140625, -82.83843231201172, -84.2294921875, -83.08821105957031, -84.35459899902344, -83.09541320800781, -83.87422943115234, -82.70283508300781, -84.08090209960938, -83.4691390991211, -83.73221588134766, -82.98367309570312, -84.02448272705078, -83.20381164550781, -83.77054595947266, -82.8203353881836, -83.88328552246094, -82.80305480957031, -84.06365203857422, -82.90587615966797, -84.25088500976562, -82.97396087646484, -83.83319091796875, -83.1175765991211, -83.6494140625, -83.00314331054688, -83.62144470214844, -82.86284637451172, -83.68827056884766, -82.82147979736328, -84.01579284667969, -83.03789520263672, -83.97013092041016, -82.8700180053711, -84.11913299560547, -82.95606994628906, -84.02426147460938, -82.74119567871094, -83.86920928955078, -83.10968017578125, -83.70894622802734, -83.03294372558594, -83.75089263916016, -82.93714904785156, -83.8648452758789, -82.95499420166016, -83.80899047851562, -82.8215560913086, -84.10672760009766, -82.98876190185547, -84.00669860839844, -82.79153442382812, -84.14950561523438, -83.04693603515625, -83.87599182128906, -83.2525634765625, -83.73905944824219, -83.03516387939453, -83.99219512939453, -83.17216491699219, -83.79354858398438, -82.87506866455078, -83.9746322631836, -82.94522094726562, -84.08421325683594, -82.91858673095703, -84.03689575195312, -82.80120086669922, -84.173828125, -83.01521301269531, -83.64588165283203, -83.01232147216797, -83.89897155761719, -83.17737579345703, -84.10906219482422, -83.2659912109375, -83.90245056152344, -82.94771575927734, -83.86555480957031, -82.81427001953125, -83.89476013183594, -82.73762512207031, -84.15895080566406, -82.90372467041016, -84.28145599365234, -83.58007049560547, -83.87881469726562, -83.21534729003906, -84.15464782714844, -83.39057922363281, -84.25562286376953, -83.3661117553711, -84.28369903564453, -83.31753540039062, -83.97733306884766, -82.8735580444336, -84.3469009399414, -83.1658935546875, -84.32632446289062, -83.02578735351562, -84.1508560180664, -83.39038848876953, -84.0848388671875, -83.42046356201172, -84.03317260742188, -83.2521743774414, -84.13240814208984, -83.23271179199219, -84.260986328125, -83.25320434570312, -84.22206115722656, -83.1114273071289, -84.15462493896484, -82.9476547241211, -84.56633758544922, -83.45878601074219, -84.25802612304688, -83.63774108886719, -84.27893829345703, -83.57454681396484, -84.13703155517578, -83.34037780761719, -84.47598266601562, -83.57608032226562, -84.24406433105469, -83.20889282226562, -84.61604309082031, -83.48772430419922, -84.38209533691406, -83.1375503540039, -84.5671157836914, -83.41912078857422, -83.81935119628906, -83.18655395507812, -83.91202545166016, -83.19596862792969, -84.24491882324219, -83.3644790649414, -83.9090347290039, -82.93862915039062, -84.10159301757812, -83.0591049194336, -84.14553833007812, -82.98239135742188, -84.51416778564453, -83.29766845703125, -84.70240020751953, -83.98092651367188, -83.97378540039062, -83.29292297363281, -84.01175689697266, -83.25209045410156, -84.12149810791016, -83.27313995361328, -84.21683502197266, -83.21148681640625, -84.2629623413086, -83.17987823486328, -84.07266998291016, -82.89144897460938, -84.77068328857422, -83.48060607910156, -84.16241455078125, -83.42073822021484, -84.27915954589844, -83.59614562988281, -84.26019287109375, -83.47201538085938, -84.29853057861328, -83.38201904296875, -84.15461730957031, -83.18761444091797, -84.2359848022461, -83.12623596191406, -84.19116973876953, -82.9777603149414, -84.51924896240234, -83.36537170410156, -83.80091094970703, -83.2043228149414, -84.23773193359375, -83.54393768310547, -84.59550476074219, -83.79166412353516, -84.49357604980469, -83.58259582519531, -84.5914535522461, -83.55534362792969, -84.88346099853516, -83.78089904785156, -84.58414459228516, -83.33821868896484, -84.95909118652344, -83.80400848388672, -84.05894470214844, -83.43268585205078, -84.48700714111328, -83.7595443725586, -84.60826873779297, -83.74361419677734, -84.7898178100586, -83.81720733642578, -84.26737213134766, -83.1927490234375, -84.72013092041016, -83.60553741455078, -85.13984680175781, -83.87476348876953, -84.8408203125, -84.11878204345703, -84.62405395507812, -83.9664535522461, -84.9396743774414, -84.17916870117188, -85.04632568359375, -84.16425323486328, -85.06858825683594, -84.06883239746094, -84.87324523925781, -83.7913818359375, -85.29945373535156, -84.14116668701172, -85.38373565673828, -84.10338592529297, -85.05070495605469, -84.29463958740234, -85.3309555053711, -84.67960357666016, -85.79499816894531, -84.99198913574219, -85.5285873413086, -84.60124969482422, -85.48978424072266, -84.48242950439453, -85.969482421875, -84.88331604003906, -85.94625091552734, -84.7170639038086, -86.35098266601562, -85.27780151367188, -85.45195770263672, -84.86390686035156, -86.16172790527344, -85.48758697509766, -85.87846374511719, -85.0790786743164, -86.27637481689453, -85.37403106689453, -86.53854370117188, -85.56452178955078, -86.58306884765625, -85.46793365478516, -86.6578369140625, -85.43038940429688, -86.98919677734375, -85.87132263183594, -86.26976013183594, -85.61959838867188, -86.60752868652344, -85.87267303466797, -86.71585845947266, -85.86822509765625, -86.65641021728516, -85.72734069824219, -87.01459503173828, -85.958251953125, -86.79277038574219, -85.61131286621094, -87.09767150878906, -85.84937286376953, -86.9655990600586, -86.25872039794922, -87.04351043701172, -86.34395599365234, -86.6383285522461, -85.88033294677734, -87.21781921386719, -86.38806915283203, -87.09617614746094, -86.10151672363281, -86.93917846679688, -85.86016845703125, -86.99346923828125, -85.80609893798828, -87.4498062133789, -86.17891693115234, -87.11589813232422, -86.3349838256836, -87.06271362304688, -86.39888763427734, -87.06208038330078, -86.28658294677734, -86.80517578125, -85.90557098388672, -87.15341186523438, -86.16664123535156, -87.19618225097656, -86.07389831542969, -87.3658447265625, -86.13726043701172, -87.41217803955078, -86.3083267211914, -86.94763946533203, -86.36751556396484, -87.33710479736328, -86.64783477783203, -87.11608123779297, -86.27144622802734, -87.31453704833984, -86.3993911743164, -87.46577453613281, -86.4330062866211, -87.29428100585938, -86.1501693725586, -87.1900863647461, -85.94313049316406, -87.91780853271484, -86.84394836425781, -87.10055541992188, -86.48739624023438, -87.18081665039062, -86.4594497680664, -87.81678771972656, -86.96166229248047, -87.4475326538086, -86.48197937011719, -87.60665893554688, -86.55669403076172, -87.69647979736328, -86.5053939819336, -87.9516830444336, -86.7070541381836, -87.73526763916016, -87.0520248413086, -87.63371276855469, -87.00453186035156, -87.95466613769531, -87.19617462158203, -87.6930160522461, -86.83365631103516, -87.80770111083984, -86.85621643066406, -87.8813705444336, -86.81604766845703, -88.11300659179688, -87.0051040649414, -88.12947845458984, -86.85494232177734, -87.92765045166016, -87.25416564941406, -87.55609130859375, -86.8680648803711, -88.01717376708984, -87.25468444824219, -88.11458587646484, -87.26753234863281, -87.8979721069336, -86.90839385986328, -88.33235168457031, -87.23963928222656, -87.73348999023438, -86.49932861328125, -88.2630615234375, -87.1711654663086, -88.03904724121094, -87.45177459716797, -88.03348541259766, -87.36749267578125, -87.71037292480469, -86.92274475097656, -88.17591857910156, -87.28533935546875, -88.28836822509766, -87.25821685791016, -87.79613494873047, -86.71295166015625, -88.2206802368164, -86.98815155029297, -88.16258239746094, -87.06195068359375, -87.64784240722656, -87.06947326660156, -87.49273681640625, -86.78058624267578, -87.82664489746094, -86.99365997314453, -87.66304016113281, -86.71593475341797, -87.63764190673828, -86.64404296875, -87.55259704589844, -86.41703033447266, -87.5796890258789, -86.26486206054688, -87.38214874267578, -86.66332244873047, -87.2337646484375, -86.58201599121094, -87.24822235107422, -86.49687194824219, -86.88745880126953, -86.04450225830078, -87.143798828125, -86.17566680908203, -86.96177673339844, -85.87897491455078, -86.56550598144531, -85.36698913574219, -86.67338562011719, -85.38796997070312, -86.6771011352539, -85.92867279052734, -86.05825805664062, -85.38021087646484, -86.03995513916016, -85.23160552978516, -86.42737579345703, -85.54945373535156, -85.77578735351562, -84.78462982177734, -86.11131286621094, -85.0304183959961, -86.15872192382812, -84.97554779052734, -85.65596008300781, -84.5569076538086, -85.25662231445312, -84.67550659179688, -85.3396987915039, -84.62506866455078, -84.7110595703125, -83.89785766601562, -84.60856628417969, -83.72807312011719, -85.07402038574219, -84.05006408691406, -84.72406768798828, -83.5958023071289, -85.09420776367188, -83.84855651855469, -84.39865112304688, -83.23607635498047, -84.11141204833984, -83.4993896484375, -84.6283950805664, -83.89543914794922, -84.33187866210938, -83.48627471923828, -83.99263000488281, -83.03636169433594, -84.21150970458984, -83.1480941772461, -83.98381805419922, -82.81538391113281, -84.08720397949219, -82.8741455078125, -97.59130096435547, -100.20362091064453, -83.77822875976562, -82.9976577758789, -84.14421844482422, -83.41315460205078, -84.04014587402344, -83.15877532958984, -83.37773132324219, -82.36317443847656, -83.91715240478516, -82.83928680419922, -83.73808288574219, -82.5402603149414, -83.8510971069336, -82.5727310180664, -83.187744140625, -82.42465209960938, -83.29341125488281, -82.60653686523438, -83.23564147949219, -82.44577026367188, -83.52605438232422, -82.64089965820312, -83.4383316040039, -82.42465209960938, -83.91320037841797, -82.82392883300781, -83.56348419189453, -82.34333801269531, -83.57102966308594, -82.24625396728516, -83.19351959228516, -82.41458892822266, -83.18321228027344, -82.5068359375, -83.33602142333984, -82.53401947021484, -83.29754638671875, -82.33472442626953, -83.62066650390625, -82.62129211425781, -83.40408325195312, -82.27063751220703, -83.96895599365234, -82.71944427490234, -83.53269958496094, -82.3764877319336, -83.2057876586914, -82.56805419921875, -83.51969909667969, -82.79598999023438, -83.07744598388672, -82.22179412841797, -83.169921875, -82.22711181640625, -83.683349609375, -82.63604736328125, -83.96065521240234, -82.8179931640625, -83.75118255615234, -82.45826721191406, -84.2772445678711, -83.1509017944336, -83.61626434326172, -82.96900939941406, -83.94602966308594, -83.19259643554688, -83.75609588623047, -82.88553619384766, -83.96228790283203, -83.00411987304688, -83.9644546508789, -82.85527038574219, -84.07026672363281, -82.88348388671875, -84.5357437133789, -83.2443618774414, -84.19197845458984, -83.45142364501953, -84.156005859375, -83.4901123046875, -84.66647338867188, -83.90604400634766, -84.34697723388672, -83.44043731689453, -84.93653869628906, -83.99217987060547, -84.86707305908203, -83.75798034667969, -85.200927734375, -83.97381591796875, -85.25664520263672, -83.94633483886719, -85.53760528564453, -84.7609634399414, -85.19074249267578, -84.48938751220703, -85.44696807861328, -84.6436538696289, -85.47223663330078, -84.55500793457031, -86.10679626464844, -85.09825897216797, -85.9369888305664, -84.82906341552734, -86.43658447265625, -85.24544525146484, -86.47769927978516, -85.37857818603516, -86.33174896240234, -85.71800231933594, -86.62171173095703, -85.90966796875, -86.90381622314453, -86.08573150634766, -87.10677337646484, -86.1709213256836, -87.2558364868164, -86.21624755859375, -87.36631774902344, -86.21515655517578, -87.50599670410156, -86.2642822265625, -87.91732788085938, -86.7687759399414, -87.96099853515625, -87.38377380371094, -88.22020721435547, -87.45442199707031, -88.5595703125, -87.71090698242188, -88.90772247314453, -88.00247955322266, -88.71701049804688, -87.630126953125, -89.1688461303711, -88.0540771484375, -89.57878875732422, -88.29495239257812, -89.40123748779297, -88.65980529785156, -89.48138427734375, -88.86247253417969, -89.81407928466797, -89.04244232177734, -90.04885864257812, -89.16831970214844, -90.45446014404297, -89.51106262207031, -90.66107177734375, -89.56978607177734, -90.87808227539062, -89.69747161865234, -91.35625457763672, -90.10816192626953, -91.10865783691406, -90.32624816894531, -91.30236053466797, -90.63421630859375, -91.67058563232422, -90.89596557617188, -91.77476501464844, -90.91293334960938, -92.11997985839844, -91.20449829101562, -92.39599609375, -91.30818176269531, -92.52071380615234, -91.40030670166016, -92.58341217041016, -91.55742645263672, -92.69345092773438, -92.08084106445312, -93.10531616210938, -92.43882751464844, -92.65576934814453, -91.82754516601562, -92.58422088623047, -91.73043823242188, -92.88824462890625, -91.96796417236328, -93.32505798339844, -92.27476501464844, -93.15508270263672, -91.91542053222656, -93.01890563964844, -91.97671508789062, -92.87741088867188, -92.29016876220703, -92.8094711303711, -92.1144790649414, -93.07719421386719, -92.34795379638672, -93.07024383544922, -92.14847564697266, -92.35307312011719, -91.3446044921875, -92.6954345703125, -91.58324432373047, -92.21482849121094, -91.02639770507812, -92.30012512207031, -91.58570861816406, -91.56282043457031, -90.90283203125, -91.42545318603516, -90.67549133300781, -91.25008392333984, -90.38609313964844, -91.12512969970703, -90.18218994140625, -91.17098236083984, -90.18620300292969, -91.10829162597656, -89.98001861572266, -90.77742767333984, -89.49549865722656, -90.4805679321289, -89.74295043945312, -89.8670654296875, -89.18156433105469, -90.06230926513672, -89.26258087158203, -90.19086456298828, -89.30074310302734, -89.7371597290039, -88.75542449951172, -89.92388916015625, -88.85136413574219, -89.74346160888672, -88.59716796875, -89.72554779052734, -88.60881042480469, -89.48612976074219, -88.8275375366211, -89.08696746826172, -88.41609954833984, -89.18333435058594, -88.3849868774414, -88.80084228515625, -87.91181182861328, -89.22503662109375, -88.21672821044922, -88.77700805664062, -87.6475830078125, -88.698974609375, -87.4210433959961, -89.12630462646484, -87.9893569946289, -88.3348388671875, -87.67964935302734, -88.22876739501953, -87.45068359375, -88.11509704589844, -87.29720306396484, -88.28694152832031, -87.3232650756836, -87.9103012084961, -86.89928436279297, -88.3001480102539, -87.12944793701172, -88.22611236572266, -86.93694305419922, -87.6860580444336, -86.91852569580078, -87.61231994628906, -86.94731903076172, -87.53418731689453, -86.74185180664062, -87.67576599121094, -86.81208038330078, -87.56405639648438, -86.56333923339844, -87.22891998291016, -86.12893676757812, -87.58253479003906, -86.40644836425781, -87.4316177368164, -86.08814239501953, -87.11377716064453, -86.33856201171875, -86.7691879272461, -86.12247467041016, -86.81468200683594, -85.9981918334961, -86.871826171875, -85.94850158691406, -86.68765258789062, -85.66646575927734, -87.16805267333984, -86.07427215576172, -86.8230972290039, -85.56800842285156, -86.99308776855469, -85.88317108154297, -86.56356048583984, -85.94241333007812, -86.29195404052734, -85.56452178955078, -86.06838989257812, -85.24830627441406, -86.05574798583984, -85.10877990722656, -86.18832397460938, -85.13081359863281, -86.13478088378906, -84.98970031738281, -86.05657196044922, -84.7984619140625, -85.92137908935547, -84.73677062988281, -85.54731750488281, -84.87545776367188, -85.57101440429688, -84.82679748535156, -85.5239028930664, -84.69593811035156, -85.55709075927734, -84.6035385131836, -85.80512237548828, -84.72845458984375, -85.63907623291016, -84.45545196533203, -85.50065612792969, -84.22476959228516, -85.26749420166016, -84.5212173461914, -85.18557739257812, -84.500244140625, -85.1761703491211, -84.42034149169922, -84.90545654296875, -84.01806640625, -85.31826782226562, -84.32071685791016, -85.39717864990234, -84.29002380371094, -85.49060821533203, -84.26927947998047, -85.32764434814453, -84.01067352294922, -85.21792602539062, -84.44729614257812, -84.98609161376953, -84.29135131835938, -85.09508514404297, -84.28633117675781, -85.2244873046875, -84.3097152709961, -84.98571014404297, -83.9690933227539, -85.09911346435547, -83.9648666381836, -85.07556915283203, -83.84334564208984, -85.03233337402344, -83.8943099975586, -84.67317962646484, -84.08699798583984, -84.99471282958984, -84.25411224365234, -84.93429565429688, -84.10160064697266, -85.2005386352539, -84.25779724121094, -85.40377807617188, -84.32613372802734, -85.2813720703125, -84.11637878417969, -85.5359115600586, -84.26798248291016, -85.37751007080078, -84.2133560180664, -84.84737396240234, -84.21051025390625, -85.50575256347656, -84.77400970458984, -85.24720001220703, -84.37901306152344, -85.46770477294922, -84.5177230834961, -85.18329620361328, -84.1157455444336, -85.47210693359375, -84.31487274169922, -85.31985473632812, -84.04174041748047, -85.22294616699219, -84.49474334716797, -85.11155700683594, -84.44664001464844, -85.10802459716797, -84.33282470703125, -85.20964050292969, -84.32038116455078, -85.43050384521484, -84.44438934326172, -85.63519287109375, -84.53215026855469, -85.26133728027344, -84.02861785888672, -85.57011413574219, -84.2615737915039, -84.9189453125, -84.17894744873047, -84.91472625732422, -84.23072052001953, -85.05768585205078, -84.25848388671875, -85.24200439453125, -84.34088897705078, -85.1098403930664, -84.10613250732422, -85.11561584472656, -83.96932220458984, -85.17566680908203, -83.95918273925781, -85.07002258300781, -83.95360565185547, -84.67461395263672, -84.05359649658203, -84.84523010253906, -84.125732421875, -84.84309387207031, -84.03636169433594, -85.06121063232422, -84.15001678466797, -84.81538391113281, -83.77201080322266, -84.83007049560547, -83.69985961914062, -85.19043731689453, -83.93965148925781, -85.12332916259766, -83.93280792236328, -84.61673736572266, -83.98423767089844, -84.63705444335938, -83.85652160644531, -84.60791015625, -83.76316833496094, -84.4762954711914, -83.50142669677734, -84.87155151367188, -83.82481384277344, -84.92532348632812, -83.78507232666016, -84.84368896484375, -83.55482482910156, -84.56991577148438, -83.84149932861328, -84.95369720458984, -84.30814361572266, -84.53475189208984, -83.75939178466797, -84.5961685180664, -83.71354675292969, -84.8484115600586, -83.8566665649414, -84.99311828613281, -83.90033721923828, -85.12582397460938, -83.93693542480469, -84.90784454345703, -83.60535430908203, -84.69257354736328, -83.90532684326172, -84.5794448852539, -83.87357330322266, -84.56616973876953, -83.7573013305664, -84.92713165283203, -84.04843139648438, -84.5402603149414, -83.48700714111328, -84.80704498291016, -83.6878662109375, -84.85523223876953, -83.63308715820312, -85.17887878417969, -84.02674102783203, -84.71803283691406, -84.09989929199219, -84.90343475341797, -84.20386505126953, -84.83902740478516, -84.00669860839844, -84.8926773071289, -83.94763946533203, -84.68392181396484, -83.61524200439453, -85.16716766357422, -84.04910278320312, -85.08222198486328, -83.83570098876953, -85.24063110351562, -84.04901885986328, -84.82611846923828, -84.20986938476562, -85.26211547851562, -84.5181884765625, -85.49596405029297, -84.65670013427734, -85.34698486328125, -84.35971069335938, -85.39979553222656, -84.36363983154297, -85.88499450683594, -84.65798950195312, -85.70059204101562, -84.41227722167969, -85.59146881103516, -84.86387634277344, -85.58409881591797, -84.88381958007812, -85.51464080810547, -84.75883483886719, -85.76189422607422, -84.90115356445312, -85.8480224609375, -84.8622817993164, -85.93964385986328, -84.84416198730469, -86.21072387695312, -85.05471801757812, -86.49688720703125, -85.2363510131836, -86.39173889160156, -85.60804748535156, -86.15336608886719, -85.46522521972656, -86.29222106933594, -85.52533721923828, -86.01133728027344, -85.07047271728516, -86.37909698486328, -85.38809967041016, -86.60404968261719, -85.4884033203125, -86.88890075683594, -85.66266632080078, -87.05802917480469, -85.92214965820312, -86.8238525390625, -86.20966339111328, -86.9502944946289, -86.22380065917969, -87.0676040649414, -86.18948364257812, -87.06737518310547, -86.11954498291016, -87.51692962646484, -86.52848052978516, -87.12893676757812, -85.94147491455078, -87.42521667480469, -86.20488739013672, -87.13602447509766, -85.97866821289062, -87.3067398071289, -86.68196868896484, -87.06066131591797, -86.29346466064453, -86.92353057861328, -86.08087158203125, -87.07118225097656, -86.09195709228516, -87.49809265136719, -86.41149139404297, -87.59221649169922, -86.4572982788086, -87.30374145507812, -86.02848052978516, -87.18682098388672, -86.4245834350586, -86.6663818359375, -85.99590301513672, -87.04933166503906, -86.27995300292969, -86.82373809814453, -85.99701690673828, -86.65736389160156, -85.65299224853516, -86.92742919921875, -85.8427734375, -86.78512573242188, -85.58380126953125, -86.6542739868164, -85.35355377197266, -86.53240966796875, -85.77722930908203, -85.8763656616211, -85.18319702148438, -86.20084381103516, -85.36407470703125, -85.8482437133789, -84.95249938964844, -86.1858901977539, -85.170166015625, -86.00608825683594, -84.88328552246094, -85.4278793334961, -84.15907287597656, -85.63681030273438, -84.49915313720703, -85.3693618774414, -84.7502670288086, -85.06626892089844, -84.33950805664062, -85.07305908203125, -84.21015167236328, -85.05368041992188, -84.06414031982422, -84.74311828613281, -83.69029998779297, -84.71287536621094, -83.54911804199219, -84.56269073486328, -83.30018615722656, -84.84739685058594, -83.6658706665039, -84.11768341064453, -83.4478530883789, -84.1598129272461, -83.40345001220703, -84.013916015625, -83.1494369506836, -84.09223937988281, -83.1436996459961, -84.056396484375, -82.98536682128906, -84.01734161376953, -82.81573486328125, -83.95537567138672, -82.65116119384766, -83.28583526611328, -82.52962493896484, -83.3604507446289, -82.7073745727539, -83.55712890625, -82.75855255126953, -83.20178985595703, -82.31449890136719, -83.37515258789062, -82.38926696777344, -83.2423324584961, -82.13855743408203, -83.51063537597656, -82.32424926757812, -83.23230743408203, -81.91461181640625, -83.29215240478516, -82.52845001220703, -82.98019409179688, -82.28266143798828, -83.21612548828125, -82.4405746459961, -83.13458251953125, -82.21045684814453, -82.87030792236328, -81.83293914794922, -83.07684326171875, -81.94563293457031, -83.12977600097656, -81.90020751953125, -83.4717025756836, -82.32684326171875, -82.60405731201172, -81.97257232666016, -82.77164459228516, -82.05292510986328, -82.84613037109375, -82.02468872070312, -83.0508804321289, -82.12007141113281, -82.85570526123047, -81.81306457519531, -83.21502685546875, -82.07168579101562, -83.1225814819336, -81.85025024414062, -83.14665222167969, -81.96358489990234, -82.62915802001953, -82.00542449951172, -82.61742401123047, -81.85787963867188, -82.786376953125, -81.93251037597656, -82.95722198486328, -81.98749542236328, -83.31843566894531, -82.24903869628906, -83.05297088623047, -81.84784698486328, -83.1209487915039, -81.85122680664062, -82.97513580322266, -82.2113265991211, -82.807373046875, -82.1255111694336, -82.66362762451172, -81.88349151611328, -83.06525421142578, -82.16742706298828, -82.87042999267578, -81.88346099853516, -83.26054382324219, -82.17355346679688, -83.20198822021484, -81.98701477050781, -83.25747680664062, -81.94012451171875, -83.34659576416016, -82.57636260986328, -83.10173797607422, -82.41159057617188, -83.36397552490234, -82.56424713134766, -83.26834869384766, -82.3383560180664, -83.5966567993164, -82.61100006103516, -83.87873077392578, -82.74600219726562, -83.9069595336914, -82.69200897216797, -83.90740966796875, -82.7369155883789, -83.76303100585938, -83.13127899169922, -83.72723388671875, -83.01707458496094, -83.95082092285156, -83.10763549804688, -84.17430114746094, -83.23057556152344, -84.30753326416016, -83.25997924804688, -84.56654357910156, -83.44434356689453, -84.500732421875, -83.23292541503906, -85.01081085205078, -83.83598327636719, -84.49613952636719, -83.85388946533203, -84.45938873291016, -83.74806213378906, -84.74834442138672, -83.9009017944336, -84.85974884033203, -83.89993286132812, -85.22258758544922, -84.16828918457031, -84.92700958251953, -83.73487091064453, -85.19245147705078, -83.91018676757812, -85.20849609375, -84.47327423095703, -85.1750259399414, -84.51237487792969, -85.5071029663086, -84.72350311279297, -85.50265502929688, -84.59036254882812, -85.64820861816406, -84.67601013183594, -85.62428283691406, -84.56382751464844, -85.61611938476562, -84.42166900634766, -86.00000762939453, -84.70396423339844, -86.02702331542969, -85.29328155517578, -85.59517669677734, -84.89261627197266, -85.81593322753906, -85.01776123046875, -85.83837127685547, -84.94207763671875, -86.19524383544922, -85.16252136230469, -86.20509338378906, -85.09947967529297, -86.39567565917969, -85.12362670898438, -86.10884094238281, -84.96994018554688, -86.12504577636719, -85.50862121582031, -86.3666000366211, -85.61846923828125, -86.16580200195312, -85.36495971679688, -86.1954345703125, -85.25112915039062, -86.48017883300781, -85.494140625, -99.39329528808594, -102.8836898803711, -103.00279235839844, -102.99174499511719, -102.6972427368164, -102.65885162353516, -102.96986389160156, -103.0101547241211, -103.20404052734375, -103.2249526977539, -103.13150787353516, -103.08157348632812, -102.93009185791016, -103.10065460205078, -102.94120025634766, -102.93424987792969, -103.00544738769531, -102.99552154541016, -103.18053436279297, -103.13092803955078, -102.6969985961914, -102.70851135253906, -102.81390380859375, -102.61333465576172, -103.14009857177734, -102.97138214111328, -102.49801635742188, -102.63412475585938, -103.06632995605469, -103.19906616210938, -103.03617858886719, -103.1982421875, -103.2419204711914, -103.10686492919922, -102.65245056152344, -102.51067352294922, -103.01616668701172, -102.9649658203125, -102.98406219482422, -102.92488098144531, -103.04117584228516, -103.01776885986328, -103.0088882446289, -103.08790588378906, -103.21245574951172, -103.31350708007812, -103.3023681640625, -103.23346710205078, -103.14863586425781, -103.14704132080078, -103.0228042602539, -103.00224304199219, -102.79305267333984, -102.77421569824219, -102.9400863647461, -103.04138946533203, -102.85260772705078, -102.97821807861328, -102.99664306640625, -102.72773742675781, -102.93994140625, -103.13443756103516, -103.38477325439453, -103.18485260009766, -103.23434448242188, -103.01384735107422, -102.93573760986328, -103.01998901367188, -103.14956665039062, -103.23770141601562, -103.06524658203125, -102.9266357421875, -103.02009582519531, -102.88795471191406, -103.07086944580078, -103.09304809570312, -103.20572662353516, -103.29942321777344, -103.20622253417969, -103.22215270996094, -103.15518188476562, -103.0599365234375, -103.1824722290039, -103.22359466552734, -103.01103210449219, -103.24002838134766, -103.23686218261719, -103.02820587158203, -103.06490325927734, -103.09039306640625, -102.94291687011719, -102.95037078857422, -102.94426727294922, -103.06082153320312, -102.96063995361328, -102.96648406982422, -103.11799621582031, -103.15579223632812, -102.8691177368164, -102.90946197509766, -102.45846557617188, -102.57396697998047, -102.96746826171875, -102.98809814453125, -102.99015808105469, -103.14164733886719, -103.0562515258789, -102.9949951171875, -103.15227508544922, -103.14279174804688, -103.08921813964844, -102.91423797607422, -102.8775405883789, -102.7080307006836, -102.63887023925781, -102.85051727294922, -103.15613555908203, -103.10752868652344, -102.95330047607422, -103.07743835449219, -103.18696594238281, -103.1464614868164, -103.20452880859375, -102.95899963378906, -102.92041778564453, -102.83448791503906, -103.13526153564453, -103.07276153564453, -102.92101287841797, -102.70348358154297, -103.06089782714844, -102.79188537597656, -102.87268829345703, -103.11372375488281, -103.07273864746094, -103.1104507446289, -103.10428619384766, -103.01454162597656, -102.98028564453125, -103.1834945678711, -103.1023941040039, -102.72364044189453, -102.77108001708984, -103.12946319580078, -103.28379821777344, -103.16646575927734, -102.9637680053711, -102.8167953491211, -102.96874237060547, -103.02356719970703, -103.0874252319336, -103.09942626953125, -103.17263793945312, -102.83607482910156, -102.9092788696289, -102.91925048828125, -102.93534851074219, -102.9235610961914, -103.14588165283203, -103.14459228515625, -103.18505096435547, -103.23210906982422, -103.011962890625, -102.8241195678711, -103.17807006835938, -103.19369506835938, -103.15118408203125, -103.23262023925781, -103.01636505126953, -103.06388854980469, -103.27510833740234, -103.2808609008789, -103.07704162597656, -102.9496841430664, -102.99879455566406, -102.82080078125, -102.88502502441406, -102.58334350585938, -102.92330169677734, -103.16972351074219, -103.09774017333984, -103.10626220703125, -103.1008071899414, -102.8647232055664, -102.90882873535156, -103.02496337890625, -102.99337005615234, -102.93873596191406, -103.02085876464844, -102.83683013916016, -102.85093688964844, -102.94861602783203, -103.2046890258789, -102.9720687866211, -103.06761932373047, -103.07269287109375, -103.01802062988281, -103.0865707397461, -102.74922180175781, -102.826904296875, -103.15023040771484, -103.17095947265625, -103.16370391845703, -103.22782897949219, -103.03138732910156, -102.93734741210938, -102.87744903564453, -102.99197387695312, -103.01126098632812, -103.08247375488281, -102.92462158203125, -102.75575256347656, -103.05160522460938, -103.02044677734375, -103.04116821289062, -103.07418823242188, -103.13906860351562, -102.98023223876953, -102.98365020751953, -102.94695281982422, -102.93894958496094, -102.77674102783203, -102.9434814453125];
200001;0x8000800080008000800080008000800080008000800080008000800080008000;-83.04780795486639;-71.05198455669904;21.03453827490834;3.55;3.98;4.44668888888889;1.31;3.283611111111111;7.02;[-102.79393005371094, -102.72911071777344, -102.690673828125, -102.95584869384766, -103.2192611694336, -102.48905944824219, -102.372314453125, -102.988525390625, -102.73490142822266, -102.8299331665039, -102.58098602294922, -102.51301574707031, -102.7519760131836, -102.88540649414062, -102.75782775878906, -102.44898223876953, -102.44962310791016, -102.91690826416016, -102.66246795654297, -102.43388366699219, -102.54032135009766, -102.75558471679688, -102.58185577392578, -102.38087463378906, -102.3201675415039, -103.03762817382812, -102.87409973144531, -102.67781829833984, -102.64973449707031, -102.63896179199219, -102.79924011230469, -102.65422821044922, -102.52946472167969, -102.72981262207031, -102.66285705566406, -102.69125366210938, -102.43460083007812, -102.75814819335938, -102.79808044433594, -102.6001968383789, -102.56206512451172, -102.65310668945312, -102.4469985961914, -102.73516845703125, -102.71714782714844, -102.86711883544922, -102.91255950927734, -102.70940399169922, -102.67948913574219, -102.84410858154297, -102.80380249023438, -102.82341003417969, -102.87625122070312, -102.49857330322266, -102.14013671875, -102.3958740234375, -102.32485961914062, -102.22937774658203, -102.06924438476562, -102.26444244384766, -102.30012512207031, -102.66950988769531, -102.6214599609375, -102.17947387695312, -102.17832946777344, -102.80909729003906, -102.81777954101562, -102.69573974609375, -102.61965942382812, -102.1734390258789, -101.9978256225586, -102.38872528076172, -102.39539337158203, -102.28010559082031, -102.16767120361328, -102.34728240966797, -102.39153289794922, -102.47193145751953, -102.41179656982422, -102.8463134765625, -102.9607162475586, -102.56842803955078, -102.50293731689453, -102.79886627197266, -102.67271423339844, -102.49191284179688, -102.45316314697266, -102.79692840576172, -102.86003112792969, -102.77023315429688, -102.79451751708984, -102.86711883544922, -102.88800811767578, -102.8127212524414, -102.51802825927734, -102.6999282836914, -102.51434326171875, -102.53137969970703, -102.76642608642578, -102.65897369384766, -102.32235717773438, -102.71660614013672, -102.82459259033203, -102.854248046875, -102.99759674072266, -103.20602416992188, -102.90896606445312, -102.63475036621094, -102.68009948730469, -102.94781494140625, -102.84578704833984, -101.85360717773438, -101.61138916015625, -103.02506256103516, -102.93168640136719, -103.3376235961914, -103.12456512451172, -102.92436218261719, -102.82135009765625, -102.9219741821289, -102.90757751464844, -102.67003631591797, -102.46041870117188, -102.80013275146484, -102.68909454345703, -102.72027587890625, -102.87281799316406, -102.85258483886719, -102.61929321289062, -102.9763412475586, -102.90332794189453, -103.00516510009766, -103.02631378173828, -102.63030242919922, -102.47899627685547, -102.76377868652344, -102.8764877319336, -102.84186553955078, -102.7758560180664, -102.61687469482422, -102.46025085449219, -102.80256652832031, -102.7799072265625, -102.76500701904297, -102.75008392333984, -102.41410827636719, -102.25079345703125, -102.58650970458984, -102.5038833618164, -102.79426574707031, -102.59651184082031, -102.52753448486328, -102.36809539794922, -102.51571655273438, -102.5616455078125, -102.73116302490234, -102.75822448730469, -103.06843566894531, -102.84866333007812, -102.81874084472656, -102.82390594482422, -102.94448852539062, -103.08692169189453, -102.92367553710938, -102.82569885253906, -102.7364273071289, -102.54387664794922, -102.98027038574219, -102.9616470336914, -103.031494140625, -102.9057846069336, -102.9206314086914, -102.9676742553711, -102.94043731689453, -103.0039291381836, -102.68154907226562, -102.62213134765625, -102.79344177246094, -102.83441925048828, -102.81549835205078, -102.71330261230469, -102.6868896484375, -102.54804229736328, -102.88214111328125, -102.7232894897461, -102.66665649414062, -102.61155700683594, -102.79275512695312, -102.76884460449219, -102.95764923095703, -103.10171508789062, -102.89251708984375, -102.87928771972656, -102.74748229980469, -102.7673568725586, -102.86479187011719, -103.01803588867188, -103.16474151611328, -103.03178405761719, -102.77100372314453, -102.6265640258789, -102.82232666015625, -102.94512176513672, -102.38935089111328, -102.1723861694336, -102.8910903930664, -102.97134399414062, -102.57769012451172, -102.46951293945312, -102.97146606445312, -102.84349822998047, -102.81584167480469, -102.77967834472656, -102.8034439086914, -102.75592803955078, -103.03003692626953, -102.86273956298828, -102.19650268554688, -102.03108215332031, -102.84972381591797, -102.72040557861328, -102.86210632324219, -100.01345825195312, -83.93428039550781, -82.95342254638672, -84.35658264160156, -83.40526580810547, -84.42926788330078, -83.30125427246094, -84.11802673339844, -82.9110107421875, -83.90261840820312, -82.59659576416016, -83.72869873046875, -82.96278381347656, -83.89373016357422, -83.20063018798828, -84.08677673339844, -83.27965545654297, -84.04238891601562, -83.13766479492188, -83.84266662597656, -82.79674530029297, -84.00631713867188, -82.88523864746094, -84.2242431640625, -83.00674438476562, -84.17635345458984, -83.04214477539062, -83.40988159179688, -82.77230072021484, -83.51496124267578, -82.80341339111328, -83.3908462524414, -82.5749282836914, -83.24598693847656, -82.28486633300781, -83.35285186767578, -82.33406066894531, -83.41519927978516, -82.2795181274414, -83.58567810058594, -82.33118438720703, -83.61962890625, -82.4576644897461, -83.32904052734375, -82.69256591796875, -83.14424133300781, -82.3902587890625, -83.60807800292969, -82.7834243774414, -82.99848937988281, -82.01805114746094, -83.21288299560547, -82.14401245117188, -83.55885314941406, -82.39759826660156, -83.32423400878906, -82.0198974609375, -83.32613372802734, -82.57952880859375, -82.82979583740234, -82.14297485351562, -82.938720703125, -82.16088104248047, -83.13139343261719, -82.26116943359375, -83.12859344482422, -82.14579010009766, -83.0999984741211, -82.00997161865234, -82.8609619140625, -81.64488983154297, -83.20321655273438, -81.88905334472656, -82.91927337646484, -82.1811294555664, -82.71174621582031, -82.01348876953125, -82.53520965576172, -81.72118377685547, -82.34700012207031, -81.43608093261719, -82.52622985839844, -81.50299835205078, -82.66766357421875, -81.55628204345703, -82.92674255371094, -81.70240783691406, -82.6385498046875, -81.4729995727539, -82.29771423339844, -81.69263458251953, -82.2068862915039, -81.47496032714844, -82.25322723388672, -81.43795013427734, -82.38253021240234, -81.41471862792969, -82.19879150390625, -81.15885925292969, -81.92343139648438, -80.74657440185547, -81.9616470336914, -80.72233581542969, -82.20011901855469, -81.04707336425781, -81.86788940429688, -81.24250030517578, -81.75100708007812, -81.01604461669922, -81.88790130615234, -81.03791809082031, -81.97943878173828, -81.01858520507812, -81.77273559570312, -80.69795989990234, -81.81657409667969, -80.63488006591797, -81.94580841064453, -80.65147399902344, -81.3275375366211, -80.58065795898438, -81.2787094116211, -80.60607147216797, -81.35431671142578, -80.58787536621094, -81.42298889160156, -80.53108978271484, -81.57514190673828, -80.59307098388672, -81.68949890136719, -80.5811996459961, -81.4892578125, -80.27018737792969, -81.35401153564453, -80.0525894165039, -81.44422149658203, -80.71124267578125, -81.22000122070312, -80.51634979248047, -81.06887817382812, -80.28046417236328, -81.36074829101562, -80.47462463378906, -81.20155334472656, -80.17790985107422, -81.1541519165039, -80.03544616699219, -81.29450225830078, -80.07251739501953, -81.72124481201172, -80.60468292236328, -81.11468505859375, -80.49005889892578, -81.02485656738281, -80.32115173339844, -81.40380859375, -80.59255981445312, -81.49647521972656, -80.57334899902344, -81.47904205322266, -80.4477310180664, -81.33895874023438, -80.19416046142578, -81.6587905883789, -80.40338134765625, -81.96427154541016, -80.79498291015625, -81.31585693359375, -80.69384765625, -81.3642578125, -80.63360595703125, -81.66106414794922, -80.81729125976562, -81.66636657714844, -80.70777893066406, -81.76053619384766, -80.69234466552734, -81.90068054199219, -80.73896789550781, -82.10258483886719, -80.83489227294922, -82.04800415039062, -81.30509948730469, -81.86739349365234, -81.18450164794922, -81.92333221435547, -81.14470672607422, -82.04647827148438, -81.16954803466797, -82.14920043945312, -81.16230773925781, -82.32335662841797, -81.23304748535156, -82.18865966796875, -80.97806549072266, -82.90573120117188, -81.63025665283203, -82.542724609375, -81.76466369628906, -82.21968078613281, -81.53945922851562, -82.74174499511719, -81.94808959960938, -82.57582092285156, -81.64889526367188, -82.67744445800781, -81.66798400878906, -82.6662826538086, -81.54743957519531, -82.82852935791016, -81.60272216796875, -82.94082641601562, -81.80730438232422, -82.55130767822266, -81.95632934570312, -82.99583435058594, -82.31037902832031, -82.98237609863281, -82.13689422607422, -83.02517700195312, -82.1124496459961, -83.1380386352539, -82.08604431152344, -83.0516128540039, -81.92050170898438, -83.2818832397461, -82.03058624267578, -83.12232208251953, -81.9292984008789, -83.08267211914062, -82.45767211914062, -82.9498291015625, -82.19522857666016, -82.91828155517578, -82.06580352783203, -82.87263488769531, -81.89651489257812, -83.2086410522461, -82.14849090576172, -83.47753143310547, -82.28974151611328, -83.07905578613281, -81.77971649169922, -82.96593475341797, -82.21923828125, -82.87767028808594, -82.21485900878906, -83.04643249511719, -82.29541015625, -83.23612213134766, -82.35831451416016, -82.78865051269531, -81.80549621582031, -82.88639831542969, -81.79244995117188, -83.02510070800781, -81.8375015258789, -83.00176239013672, -81.68292999267578, -82.59983825683594, -81.8383560180664, -82.6646499633789, -81.9862060546875, -83.02537536621094, -82.25199127197266, -82.36090850830078, -81.4359130859375, -83.0043716430664, -82.0234603881836, -82.96720123291016, -81.85436248779297, -83.07063293457031, -81.8289794921875, -83.01549530029297, -81.87738800048828, -82.26226806640625, -81.66124725341797, -82.88910675048828, -82.18309020996094, -82.60655212402344, -81.79190826416016, -82.66393280029297, -81.72857666015625, -82.77983093261719, -81.7791748046875, -82.95319366455078, -81.81687927246094, -82.93514251708984, -81.68744659423828, -83.00274658203125, -81.7967758178711, -82.77554321289062, -82.14740753173828, -82.59955596923828, -81.83771514892578, -82.90435791015625, -82.06837463378906, -82.98329162597656, -82.03470611572266, -82.61114501953125, -81.52828216552734, -83.15299224853516, -81.98920440673828, -82.9572525024414, -81.68289184570312, -82.71107482910156, -81.97903442382812, -83.05451965332031, -82.40232849121094, -82.9848861694336, -82.20951843261719, -82.69580841064453, -81.81743621826172, -83.33956909179688, -82.37785339355469, -83.3441162109375, -82.27938842773438, -83.32122039794922, -82.11166381835938, -83.08753967285156, -81.77323913574219, -83.36621856689453, -82.64742279052734, -83.30052185058594, -82.59613800048828, -83.1877670288086, -82.40029907226562, -83.55398559570312, -82.66700744628906, -83.27510070800781, -82.24348449707031, -83.5607681274414, -82.44566345214844, -83.57447052001953, -82.3416976928711, -84.07745361328125, -82.9749755859375, -83.26354217529297, -82.66809844970703, -83.60970306396484, -82.90550994873047, -83.58123016357422, -82.74063873291016, -83.78092193603516, -82.85789489746094, -83.59744262695312, -82.52354431152344, -83.90554809570312, -82.76190948486328, -84.02486419677734, -82.76798248291016, -83.57637786865234, -82.3963623046875, -83.69969177246094, -83.09654235839844, -83.40254974365234, -82.65602111816406, -83.67024993896484, -82.84065246582031, -83.4033432006836, -82.42996978759766, -83.50086212158203, -82.41651153564453, -83.71099090576172, -82.58809661865234, -83.90387725830078, -82.62024688720703, -83.46363067626953, -82.728759765625, -83.27902221679688, -82.62324523925781, -83.27668762207031, -82.49952697753906, -83.31736755371094, -82.45072937011719, -83.61522674560547, -82.66463470458984, -83.55815887451172, -82.46776580810547, -83.77970123291016, -82.5903549194336, -83.62979888916016, -82.33602905273438, -83.4968032836914, -82.72554779052734, -83.30379486083984, -82.61231231689453, -83.33385467529297, -82.54442596435547, -83.41010284423828, -82.5003662109375, -83.36345672607422, -82.3689956665039, -83.71910858154297, -82.63761138916016, -83.64349365234375, -82.43376922607422, -83.68970489501953, -82.56584167480469, -83.47614288330078, -82.85608673095703, -83.31492614746094, -82.5957260131836, -83.52912902832031, -82.7064208984375, -83.4115219116211, -82.4524154663086, -83.5586929321289, -82.52220153808594, -83.69005584716797, -82.5567626953125, -83.61737060546875, -82.33251953125, -83.72288513183594, -82.58273315429688, -83.19113159179688, -82.55896759033203, -83.41309356689453, -82.6970443725586, -83.63755798339844, -82.77201080322266, -83.44246673583984, -82.48123931884766, -83.4281005859375, -82.3652114868164, -83.41983795166016, -82.2381591796875, -83.6897964477539, -82.42012786865234, -83.8392562866211, -83.11115264892578, -83.51049041748047, -82.82752227783203, -83.68174743652344, -82.92835998535156, -83.7781753540039, -82.92131042480469, -83.81336975097656, -82.795654296875, -83.5379867553711, -82.44088745117188, -83.86309814453125, -82.67890167236328, -83.84126281738281, -82.52873992919922, -83.69791412353516, -82.94702911376953, -83.67044830322266, -82.98161315917969, -83.51765441894531, -82.71766662597656, -83.63174438476562, -82.74729919433594, -83.80517578125, -82.8052749633789, -83.73595428466797, -82.62384796142578, -83.69685363769531, -82.48257446289062, -84.10087585449219, -82.97019958496094, -83.78599548339844, -83.17568969726562, -83.81595611572266, -83.1131362915039, -83.67935180664062, -82.88072967529297, -84.01849365234375, -83.10417938232422, -83.8077163696289, -82.76456451416016, -84.18946838378906, -83.09175109863281, -83.92562103271484, -82.6843490600586, -84.13898468017578, -82.96868133544922, -83.41593170166016, -82.7921142578125, -83.46326446533203, -82.7142562866211, -83.80012512207031, -82.9779281616211, -83.54236602783203, -82.56231689453125, -83.74295043945312, -82.67537689208984, -83.75933074951172, -82.6147689819336, -84.15531158447266, -82.90142822265625, -84.32392883300781, -83.59813690185547, -83.59868621826172, -82.95793914794922, -83.70841979980469, -82.92827606201172, -83.796875, -82.93901824951172, -83.87113189697266, -82.89051055908203, -83.98114013671875, -82.9157485961914, -83.8404312133789, -82.61060333251953, -84.5059814453125, -83.2295913696289, -83.89482116699219, -83.14356231689453, -83.98652648925781, -83.318115234375, -83.99573516845703, -83.20236206054688, -84.0160140991211, -83.1191635131836, -83.93134307861328, -82.94254302978516, -83.97396850585938, -82.89236450195312, -83.98399353027344, -82.77076721191406, -84.25666809082031, -83.13772583007812, -83.56656646728516, -82.97421264648438, -84.05078125, -83.34942626953125, -84.42567443847656, -83.62995910644531, -84.38352966308594, -83.44588470458984, -84.4012222290039, -83.35420227050781, -84.70317077636719, -83.59466552734375, -84.3958969116211, -83.14838409423828, -84.74118041992188, -83.57799530029297, -83.90609741210938, -83.26892852783203, -84.3289566040039, -83.57735443115234, -84.44996643066406, -83.61698150634766, -84.6026611328125, -83.66958618164062, -84.09443664550781, -83.05256652832031, -84.55938720703125, -83.44207000732422, -85.01311492919922, -83.74715423583984, -84.67992401123047, -83.93203735351562, -84.4983139038086, -83.82161712646484, -84.7857666015625, -84.06426239013672, -84.8302993774414, -83.97972869873047, -84.94071960449219, -83.9781265258789, -84.74537658691406, -83.64529418945312, -85.14002990722656, -83.98958587646484, -85.23833465576172, -83.96491241455078, -84.86795806884766, -84.13905334472656, -85.18002319335938, -84.51469421386719, -85.5099868774414, -84.74970245361328, -85.3370132446289, -84.44635009765625, -85.25556945800781, -84.2813720703125, -85.7036361694336, -84.58435821533203, -85.67936706542969, -84.43658447265625, -86.01545715332031, -84.96294403076172, -85.159423828125, -84.55952453613281, -85.8066635131836, -85.13786315917969, -85.5244140625, -84.72425842285156, -85.92517852783203, -85.02764892578125, -86.29573059082031, -85.27611541748047, -86.18279266357422, -85.06128692626953, -86.29883575439453, -85.06571197509766, -86.63861083984375, -85.5419921875, -85.8597412109375, -85.24097442626953, -86.18080139160156, -85.45222473144531, -86.20426177978516, -85.3661880493164, -86.25064086914062, -85.31417846679688, -86.53044128417969, -85.46957397460938, -86.27967834472656, -85.09883880615234, -86.55307006835938, -85.29618072509766, -86.39614868164062, -85.68065643310547, -86.45111846923828, -85.8374252319336, -86.02434539794922, -85.2730941772461, -86.62713623046875, -85.75750732421875, -86.45123291015625, -85.47955322265625, -86.31491088867188, -85.25110626220703, -86.3033447265625, -85.12646484375, -86.89115905761719, -85.61914825439453, -86.46366882324219, -85.69478607177734, -86.4842529296875, -85.8224868774414, -86.42627716064453, -85.61729431152344, -86.1572265625, -85.26744842529297, -86.49639892578125, -85.52503967285156, -86.58638763427734, -85.44137573242188, -86.68438720703125, -85.45741271972656, -86.74676513671875, -85.60479736328125, -86.25481414794922, -85.67827606201172, -86.67217254638672, -85.96764373779297, -86.44672393798828, -85.62165069580078, -86.6126708984375, -85.70054626464844, -86.78352355957031, -85.75171661376953, -86.58411407470703, -85.48310852050781, -86.44062805175781, -85.19895935058594, -87.19313049316406, -86.06403350830078, -86.39767456054688, -85.73706817626953, -86.44381713867188, -85.70138549804688, -87.04865264892578, -86.24748992919922, -86.64424133300781, -85.69091796875, -86.81632995605469, -85.78673553466797, -86.95358276367188, -85.77153015136719, -87.05235290527344, -85.83873748779297, -86.88331604003906, -86.1517562866211, -86.73001861572266, -86.09029388427734, -87.05535125732422, -86.29393768310547, -86.81016540527344, -85.92674255371094, -86.8072280883789, -85.88462829589844, -86.91370391845703, -85.82176208496094, -87.1794204711914, -85.99305725097656, -87.13604736328125, -85.80367279052734, -86.94275665283203, -86.22486114501953, -86.44477844238281, -85.78218078613281, -86.88606262207031, -86.14148712158203, -86.98345947265625, -86.11994171142578, -86.7755126953125, -85.7386474609375, -87.17941284179688, -86.10489654541016, -86.43367004394531, -85.24410247802734, -87.13796997070312, -86.01304626464844, -86.90926361083984, -86.30453491210938, -86.85821533203125, -86.1258316040039, -86.42207336425781, -85.62716674804688, -86.89423370361328, -85.96916961669922, -86.9632568359375, -85.95586395263672, -86.49225616455078, -85.35272979736328, -86.84857177734375, -85.67446899414062, -86.91570281982422, -85.7692642211914, -86.23388671875, -85.5962905883789, -86.1090087890625, -85.3801498413086, -86.4156265258789, -85.5926284790039, -86.23668670654297, -85.32500457763672, -86.21404266357422, -85.17487335205078, -86.09837341308594, -84.90858459472656, -86.06666564941406, -84.81661224365234, -85.9858169555664, -85.26115417480469, -85.79891967773438, -85.12059020996094, -85.76021575927734, -85.04515838623047, -85.43949890136719, -84.61917114257812, -85.69672393798828, -84.70272827148438, -85.57978820800781, -84.47224426269531, -85.15141296386719, -83.9701156616211, -85.29291534423828, -83.97859191894531, -85.2424087524414, -84.4871826171875, -84.6043472290039, -83.91560363769531, -84.6133804321289, -83.82450103759766, -85.05999755859375, -84.13885498046875, -84.47208404541016, -83.47509002685547, -84.80487060546875, -83.69612121582031, -84.82009887695312, -83.5993423461914, -84.3791732788086, -83.22674560546875, -84.01055145263672, -83.42510223388672, -84.12706756591797, -83.41131591796875, -83.43144989013672, -82.59352111816406, -83.42430877685547, -82.48542785644531, -83.85115051269531, -82.84258270263672, -83.6269302368164, -82.4940414428711, -83.92790222167969, -82.68769836425781, -83.28055572509766, -82.1060562133789, -83.02092742919922, -82.41966247558594, -83.50662994384766, -82.80314636230469, -83.26052856445312, -82.40899658203125, -83.00442504882812, -82.03516387939453, -83.21846771240234, -82.16059875488281, -82.96013641357422, -81.79667663574219, -83.07563781738281, -81.83154296875, -96.69497680664062, -99.57926177978516, -82.79936981201172, -82.05786895751953, -83.24459075927734, -82.4881362915039, -83.1340103149414, -82.25981140136719, -82.46929168701172, -81.49283599853516, -83.01969146728516, -81.94210815429688, -82.8630599975586, -81.67581176757812, -83.0262222290039, -81.72086334228516, -82.35370635986328, -81.56582641601562, -82.433349609375, -81.7649917602539, -82.39940643310547, -81.61200714111328, -82.75223541259766, -81.8804702758789, -82.65926361083984, -81.63725280761719, -83.10260772705078, -82.01473999023438, -82.79435729980469, -81.55162811279297, -82.7923812866211, -81.45831298828125, -82.44071197509766, -81.64743041992188, -82.42414093017578, -81.71029663085938, -82.5974349975586, -81.77313995361328, -82.52600860595703, -81.5949935913086, -82.9207992553711, -81.90637969970703, -82.65169525146484, -81.48715209960938, -83.2337417602539, -82.02320861816406, -82.85562896728516, -81.6800765991211, -82.4657211303711, -81.8552017211914, -82.80717468261719, -82.08506774902344, -82.36844635009766, -81.53087615966797, -82.45929718017578, -81.5132064819336, -83.02662658691406, -81.97059631347656, -83.2767333984375, -82.12162017822266, -83.07576751708984, -81.77265167236328, -83.58967590332031, -82.42859649658203, -82.93953704833984, -82.26986694335938, -83.26023864746094, -82.50043487548828, -83.09552001953125, -82.23332977294922, -83.29815673828125, -82.31283569335938, -83.23040008544922, -82.15235900878906, -83.42044830322266, -82.23345184326172, -83.88360595703125, -82.5982894897461, -83.465576171875, -82.73897552490234, -83.48043823242188, -82.8082046508789, -83.99916076660156, -83.23765563964844, -83.65872955322266, -82.80598449707031, -84.33965301513672, -83.33779907226562, -84.1705322265625, -83.0523452758789, -84.42434692382812, -83.22247314453125, -84.48832702636719, -83.19161224365234, -84.78988647460938, -84.0515365600586, -84.43751525878906, -83.72449493408203, -84.63565063476562, -83.8482666015625, -84.7247314453125, -83.80410766601562, -85.30352020263672, -84.30421447753906, -85.18859100341797, -84.04634857177734, -85.62165069580078, -84.43576049804688, -85.68778991699219, -84.54288482666016, -85.5202865600586, -84.89734649658203, -85.7395248413086, -85.01956176757812, -85.90946960449219, -85.08838653564453, -86.21119689941406, -85.2678451538086, -86.30354309082031, -85.24242401123047, -86.36566162109375, -85.20124816894531, -86.45384216308594, -85.20277404785156, -86.9771499633789, -85.80451202392578, -86.89537811279297, -86.23980712890625, -87.0265121459961, -86.29952239990234, -87.33536529541016, -86.46361541748047, -87.79540252685547, -86.83687591552734, -87.4830551147461, -86.40741729736328, -87.92672729492188, -86.73125457763672, -88.25326538085938, -86.99058532714844, -88.01197052001953, -87.34197998046875, -88.17513275146484, -87.48489379882812, -88.31938171386719, -87.6001205444336, -88.4568099975586, -87.58150482177734, -88.8882827758789, -87.89665222167969, -88.88323211669922, -87.84111785888672, -89.03539276123047, -87.86959838867188, -89.58740234375, -88.34635925292969, -89.25796508789062, -88.48431396484375, -89.27703857421875, -88.6285629272461, -89.52771759033203, -88.74388885498047, -89.50764465332031, -88.65203094482422, -89.98678588867188, -88.9681167602539, -90.07864379882812, -89.0052261352539, -90.15833282470703, -88.93960571289062, -90.21321868896484, -89.10965728759766, -90.10308074951172, -89.50357818603516, -90.50756072998047, -89.82139587402344, -89.95210266113281, -89.14244842529297, -89.88082122802734, -89.00332641601562, -90.05085754394531, -89.0345458984375, -90.478759765625, -89.34323120117188, -90.20926666259766, -88.99739074707031, -90.17013549804688, -89.03089141845703, -90.05499267578125, -89.46479797363281, -89.93267059326172, -89.22280883789062, -90.195068359375, -89.3403549194336, -90.19389343261719, -89.26483154296875, -89.57247924804688, -88.52877044677734, -89.93328094482422, -88.76969146728516, -89.53903198242188, -88.29759216308594, -89.63871765136719, -88.90924835205078, -88.84834289550781, -88.1749267578125, -88.85894775390625, -88.0641098022461, -88.76708221435547, -87.9172592163086, -88.7862548828125, -87.77418518066406, -88.83272552490234, -87.79762268066406, -88.78922271728516, -87.6119613647461, -88.4277572631836, -87.13323211669922, -88.17952728271484, -87.4308090209961, -87.73880767822266, -87.05329895019531, -88.04817962646484, -87.240234375, -88.11788940429688, -87.22161102294922, -87.76545715332031, -86.73308563232422, -88.00823974609375, -86.87904357910156, -87.78834533691406, -86.5783462524414, -87.71217346191406, -86.57726287841797, -87.43248748779297, -86.86739349365234, -87.24207305908203, -86.51190948486328, -87.4638442993164, -86.60713195800781, -87.07720184326172, -86.16893768310547, -87.4698486328125, -86.45133209228516, -87.01777648925781, -85.87633514404297, -86.96688079833984, -85.70477294921875, -87.51451110839844, -86.35558319091797, -86.72306060791016, -86.07064819335938, -86.63531494140625, -85.90472412109375, -86.50323486328125, -85.64212799072266, -86.72390747070312, -85.76659393310547, -86.39486694335938, -85.36426544189453, -86.78946685791016, -85.60563659667969, -86.74404907226562, -85.45658874511719, -86.25547790527344, -85.49982452392578, -86.26335906982422, -85.5933609008789, -86.10688018798828, -85.35942840576172, -86.30137634277344, -85.43162536621094, -86.15473937988281, -85.12747955322266, -85.91557312011719, -84.80294036865234, -86.22293090820312, -85.0675277709961, -86.0808334350586, -84.74695587158203, -85.76443481445312, -85.01077270507812, -85.5323715209961, -84.7909164428711, -85.49063110351562, -84.68141174316406, -85.59159851074219, -84.64891815185547, -85.43390655517578, -84.42554473876953, -85.92605590820312, -84.8167953491211, -85.6303482055664, -84.41459655761719, -85.79785919189453, -84.64224243164062, -85.40019989013672, -84.74488067626953, -85.10619354248047, -84.36524200439453, -84.892333984375, -84.05191040039062, -84.8314437866211, -83.89630889892578, -84.94734191894531, -83.9000015258789, -84.91048431396484, -83.77377319335938, -84.87991333007812, -83.61477661132812, -84.67707061767578, -83.49687194824219, -84.3694076538086, -83.73133850097656, -84.4082260131836, -83.67008209228516, -84.34799194335938, -83.49166107177734, -84.37185668945312, -83.40694427490234, -84.65682220458984, -83.59611511230469, -84.4493637084961, -83.2774429321289, -84.30197143554688, -82.99910736083984, -84.09937286376953, -83.35379028320312, -83.99296569824219, -83.32102966308594, -83.98991394042969, -83.18458557128906, -83.70552062988281, -82.8125991821289, -84.1093978881836, -83.10929870605469, -84.16365051269531, -83.07554626464844, -84.26622772216797, -83.06584930419922, -84.12747955322266, -82.79899597167969, -83.9780502319336, -83.21126556396484, -83.77904510498047, -83.09727478027344, -83.86421966552734, -83.07026672363281, -84.00276184082031, -83.07783508300781, -83.72418212890625, -82.6908187866211, -83.83712005615234, -82.70530700683594, -83.80390930175781, -82.5643081665039, -83.7279281616211, -82.56574249267578, -83.32938385009766, -82.72000122070312, -83.67407989501953, -82.96337127685547, -83.62703704833984, -82.77696228027344, -83.83354187011719, -82.87921142578125, -84.02767944335938, -82.99134063720703, -83.83682250976562, -82.68341064453125, -84.12137603759766, -82.86995697021484, -84.01006317138672, -82.804443359375, -83.482666015625, -82.83580017089844, -84.1451187133789, -83.39881896972656, -83.83419036865234, -82.9405517578125, -84.07691192626953, -83.08683776855469, -83.68083190917969, -82.611572265625, -84.0187759399414, -82.82645416259766, -83.88187408447266, -82.5889892578125, -83.78536224365234, -83.04087829589844, -83.61197662353516, -82.93475341796875, -83.65180206298828, -82.86182403564453, -83.69908905029297, -82.808349609375, -83.90157318115234, -82.9259262084961, -84.18440246582031, -83.09866333007812, -83.75143432617188, -82.52529907226562, -84.08613586425781, -82.7833251953125, -83.39112854003906, -82.59880065917969, -83.36505126953125, -82.67202758789062, -83.57379913330078, -82.76557159423828, -83.7281723022461, -82.8249740600586, -83.614990234375, -82.58771514892578, -83.60230255126953, -82.47034454345703, -83.68854522705078, -82.44685363769531, -83.61376190185547, -82.44822692871094, -83.17811584472656, -82.57846069335938, -83.36262512207031, -82.63268280029297, -83.36441040039062, -82.51891326904297, -83.5600357055664, -82.645751953125, -83.3948974609375, -82.3265609741211, -83.36465454101562, -82.2245864868164, -83.68574523925781, -82.46051788330078, -83.69867706298828, -82.49070739746094, -83.1502456665039, -82.48966217041016, -83.20407104492188, -82.46685791015625, -83.16371154785156, -82.27763366699219, -82.98482513427734, -82.0398941040039, -83.43202209472656, -82.37328338623047, -83.52352142333984, -82.32836151123047, -83.42105865478516, -82.10221099853516, -83.07032012939453, -82.3387222290039, -83.58642578125, -82.91486358642578, -83.15441131591797, -82.36193084716797, -83.1771469116211, -82.28914642333984, -83.42489624023438, -82.40890502929688, -83.55956268310547, -82.44859313964844, -83.7458267211914, -82.53353881835938, -83.52171325683594, -82.20579528808594, -83.27918243408203, -82.50578308105469, -83.12181854248047, -82.41190338134766, -83.1596908569336, -82.3833999633789, -83.53262329101562, -82.6216049194336, -83.12651824951172, -82.0983657836914, -83.3597640991211, -82.2444076538086, -83.46522521972656, -82.23263549804688, -83.73187255859375, -82.59454345703125, -83.29557800292969, -82.66133880615234, -83.55099487304688, -82.8236312866211, -83.4090576171875, -82.59172821044922, -83.48793029785156, -82.54131317138672, -83.34249877929688, -82.28465270996094, -83.75862121582031, -82.60181427001953, -83.69635009765625, -82.409912109375, -83.79508972167969, -82.63701629638672, -83.44881439208984, -82.8036117553711, -83.86258697509766, -83.1017074584961, -84.08470916748047, -83.21577453613281, -83.95704650878906, -82.98201751708984, -83.98435974121094, -82.90440368652344, -84.38335418701172, -83.217529296875, -84.26451873779297, -82.9569320678711, -84.1720199584961, -83.3969497680664, -84.0044174194336, -83.35714721679688, -84.00900268554688, -83.25525665283203, -84.24154663085938, -83.38372802734375, -84.40388488769531, -83.405517578125, -84.41761016845703, -83.31078338623047, -84.7522201538086, -83.5428695678711, -84.97831726074219, -83.69403839111328, -84.83658599853516, -84.08599090576172, -84.6066665649414, -83.8958511352539, -84.7428207397461, -83.95173645019531, -84.45231628417969, -83.54578399658203, -84.7440185546875, -83.72926330566406, -84.95014190673828, -83.83804321289062, -85.2489013671875, -84.0395278930664, -85.48601531982422, -84.31317138671875, -85.10894012451172, -84.51654815673828, -85.2955322265625, -84.5631103515625, -85.30532836914062, -84.47898864746094, -85.32242584228516, -84.38521575927734, -85.81591033935547, -84.78724670410156, -85.40039825439453, -84.22744750976562, -85.70364379882812, -84.47393798828125, -85.42398834228516, -84.2828369140625, -85.61597442626953, -84.98762512207031, -85.32042694091797, -84.54743957519531, -85.27070617675781, -84.41270446777344, -85.33092498779297, -84.38069152832031, -85.77757263183594, -84.72525024414062, -86.02934265136719, -84.85179138183594, -85.63297271728516, -84.32426452636719, -85.5085220336914, -84.76136779785156, -85.06392669677734, -84.37918853759766, -85.35157012939453, -84.60399627685547, -85.20597076416016, -84.31421661376953, -85.03669738769531, -84.05073547363281, -85.39476776123047, -84.30845642089844, -85.21495819091797, -84.02677154541016, -85.13544464111328, -83.80897521972656, -84.95599365234375, -84.1558609008789, -84.3980712890625, -83.67293548583984, -84.71383666992188, -83.9030532836914, -84.4070816040039, -83.4644775390625, -84.76860809326172, -83.75247955322266, -84.55835723876953, -83.44490051269531, -84.03565979003906, -82.77494049072266, -84.33069610595703, -83.18710327148438, -84.04208374023438, -83.42302703857422, -83.73529815673828, -83.02091979980469, -83.75079345703125, -82.92228698730469, -83.72935485839844, -82.78964233398438, -83.4925765991211, -82.4439468383789, -83.46084594726562, -82.30484771728516, -83.29229736328125, -82.02472686767578, -83.62897491455078, -82.43993377685547, -82.93415069580078, -82.26887512207031, -82.98236846923828, -82.2451171875, -82.87635803222656, -81.97318267822266, -82.95401000976562, -81.9770736694336, -82.91072845458984, -81.85169219970703, -82.85778045654297, -81.66423797607422, -82.8449935913086, -81.5611572265625, -82.21212005615234, -81.46363067626953, -82.29410552978516, -81.62311553955078, -82.49195861816406, -81.70414733886719, -82.14591217041016, -81.25778198242188, -82.29598999023438, -81.30461120605469, -82.22425842285156, -81.09783935546875, -82.45941162109375, -81.2432632446289, -82.21515655517578, -80.87128448486328, -82.28887176513672, -81.5258560180664, -81.9146957397461, -81.22686004638672, -82.2193374633789, -81.43537139892578, -82.14984130859375, -81.2112045288086, -81.91091918945312, -80.87615966796875, -82.07145690917969, -80.95628356933594, -82.11292266845703, -80.87196350097656, -82.4834976196289, -81.34751892089844, -81.5932388305664, -80.96290588378906, -81.76199340820312, -81.04912567138672, -81.89531707763672, -81.04969024658203, -82.090087890625, -81.13601684570312, -81.91277313232422, -80.85198211669922, -82.25251007080078, -81.09172058105469, -82.1371841430664, -80.86741638183594, -82.19310760498047, -81.00204467773438, -81.68869018554688, -81.03645324707031, -81.6186752319336, -80.88973999023438, -81.84489440917969, -80.97380828857422, -82.0082778930664, -81.04238891601562, -82.3836898803711, -81.31465148925781, -82.08704376220703, -80.88128662109375, -82.20834350585938, -80.90118408203125, -82.01428985595703, -81.25859069824219, -81.84036254882812, -81.16484832763672, -81.73004913330078, -80.92657470703125, -82.09893035888672, -81.2061996459961, -81.89104461669922, -80.89344787597656, -82.30960845947266, -81.2099838256836, -82.23763275146484, -81.02787780761719, -82.23974609375, -80.93605041503906, -82.36898040771484, -81.6210708618164, -82.14878845214844, -81.4560317993164, -82.39090728759766, -81.60327911376953, -82.2706527709961, -81.34556579589844, -82.6372299194336, -81.61713409423828, -82.86414337158203, -81.72010040283203, -82.91571044921875, -81.68324279785156, -82.88456726074219, -81.73821258544922, -82.76849365234375, -82.13030242919922, -82.7278823852539, -82.00279235839844, -82.92659759521484, -82.08837127685547, -83.16504669189453, -82.21329498291016, -83.29330444335938, -82.24056243896484, -83.54036712646484, -82.39418029785156, -83.45317077636719, -82.1775894165039, -83.9327392578125, -82.79369354248047, -83.42369842529297, -82.78990936279297, -83.39017486572266, -82.63139343261719, -83.66654968261719, -82.83744812011719, -83.72716522216797, -82.78089904785156, -84.03897857666016, -82.97993469238281, -83.75755310058594, -82.55396270751953, -83.99925994873047, -82.74464416503906, -83.98506164550781, -83.23284912109375, -84.00653839111328, -83.3203125, -84.30054473876953, -83.53622436523438, -84.27432250976562, -83.36651611328125, -84.4754638671875, -83.48670196533203, -84.4433364868164, -83.32931518554688, -84.41345977783203, -83.22158813476562, -84.7534408569336, -83.4534683227539, -84.73470306396484, -83.99534606933594, -84.35713195800781, -83.64591979980469, -84.57665252685547, -83.76973724365234, -84.54521942138672, -83.63591003417969, -84.87698364257812, -83.89473724365234, -84.90138244628906, -83.79524230957031, -85.0216293334961, -83.82108306884766, -84.79156494140625, -83.65385437011719, -84.75252532958984, -84.175048828125, -84.98917388916016, -84.24638366699219, -84.8370361328125, -83.9920425415039, -84.89501190185547, -83.9781494140625, -85.21497344970703, -84.22409057617188, -98.76910400390625, -102.90523529052734, -102.86742401123047, -102.75741577148438, -102.71399688720703, -102.41580963134766, -102.95454406738281, -103.06229400634766, -103.2569808959961, -103.20936584472656, -103.04120635986328, -103.01052856445312, -103.28694152832031, -103.05878448486328, -102.72774505615234, -102.64114379882812, -102.62039184570312, -102.69172668457031, -103.24928283691406, -103.32997131347656, -102.68504333496094, -102.6633071899414, -102.78851318359375, -102.6751937866211, -103.20394897460938, -103.02067565917969, -102.66348266601562, -102.67675018310547, -103.09230041503906, -103.07041931152344, -102.9259262084961, -103.10787200927734, -103.23383331298828, -103.20884704589844, -102.43274688720703, -102.1932373046875, -103.0136489868164, -103.07231140136719, -103.01422119140625, -102.8184585571289, -102.89884185791016, -102.92584991455078, -102.8099136352539, -102.88097381591797, -103.17472076416016, -103.14409637451172, -103.20123291015625, -103.10445404052734, -102.98726654052734, -102.99722290039062, -102.98318481445312, -102.94255065917969, -102.72090148925781, -102.883544921875, -102.9603042602539, -102.75103759765625, -102.81979370117188, -102.6768569946289, -102.81350708007812, -102.78518676757812, -102.7129135131836, -102.90430450439453, -103.02935028076172, -102.98786163330078, -103.0760498046875, -103.1689682006836, -103.3351821899414, -103.15934753417969, -103.27672576904297, -103.11035919189453, -102.9521713256836, -103.10425567626953, -103.1340103149414, -103.12328338623047, -103.0231704711914, -103.06623077392578, -103.0057601928711, -103.08008575439453, -103.291748046875, -103.07561492919922, -102.80856323242188, -102.83056640625, -103.36493682861328, -103.2865219116211, -102.87571716308594, -102.93907928466797, -103.11180877685547, -102.95045471191406, -102.85331726074219, -102.94398498535156, -103.00520324707031, -103.02311706542969, -103.03277587890625, -103.27699279785156, -103.05096435546875, -102.90653228759766, -102.89734649658203, -102.88755798339844, -103.03453826904297, -103.14032745361328, -102.46582794189453, -102.31275939941406, -102.95584869384766, -102.6973648071289, -102.8132553100586, -103.00196075439453, -103.17243957519531, -103.13593292236328, -103.22856140136719, -103.11125946044922, -103.06268310546875, -102.91883850097656, -102.78701782226562, -102.78588104248047, -102.9018325805664, -102.8409194946289, -102.84542846679688, -103.03890228271484, -102.89212799072266, -102.72489166259766, -103.1509780883789, -103.08984375, -103.2080078125, -102.9673843383789, -102.98430633544922, -102.84856414794922, -103.08415985107422, -103.04666900634766, -102.72088623046875, -102.48211669921875, -102.96112060546875, -102.86742401123047, -102.83673858642578, -102.98885345458984, -102.99295806884766, -102.72821044921875, -103.0809097290039, -103.32780456542969, -102.97130584716797, -102.9713363647461, -102.926513671875, -102.65654754638672, -102.75529479980469, -102.85611724853516, -102.99657440185547, -103.04867553710938, -103.00503540039062, -102.92578887939453, -102.95063018798828, -102.74134826660156, -102.91752624511719, -102.9908218383789, -103.31390380859375, -103.35186767578125, -103.00711059570312, -102.98081970214844, -102.99311828613281, -102.88053131103516, -103.01689910888672, -103.13743591308594, -102.96227264404297, -103.04804229736328, -102.87638092041016, -102.70011138916016, -102.69933319091797, -102.76449584960938, -103.14075469970703, -103.3624038696289, -102.89493560791016, -102.86302185058594, -102.85682678222656, -103.14082336425781, -103.12104034423828, -103.10662841796875, -102.728759765625, -102.7341079711914, -102.85626983642578, -102.77073669433594, -102.9383773803711, -103.05606842041016, -103.25048828125, -103.1640853881836, -103.1413345336914, -103.1026611328125, -102.92852783203125, -103.03868103027344, -103.13336181640625, -103.11309814453125, -102.9809799194336, -102.74817657470703, -102.75355529785156, -102.89376831054688, -103.20390319824219, -103.13275909423828, -102.97509002685547, -102.94298553466797, -103.02748107910156, -103.0571517944336, -102.79231262207031, -102.81574249267578, -103.052734375, -103.11083221435547, -103.15625, -103.0943603515625, -103.15238952636719, -102.87505340576172, -102.98053741455078, -103.23418426513672, -102.9962158203125, -102.9118881225586, -102.80270385742188, -102.83634185791016, -103.05690002441406, -103.16217041015625, -103.19766998291016, -103.08186340332031, -103.05387878417969, -103.02651977539062, -102.90093231201172, -102.94376373291016, -103.04582977294922, -102.9445571899414, -103.13709259033203];
200002;0x4000400040004000400040004000400040004000400040004000400040004000;-84.69018545517213;-71.05198455669904;21.03453827490834;3.55;3.98;4.44668888888889;1.31;3.283611111111111;7.02;[-102.71440887451172, -102.51792907714844, -102.56144714355469, -102.76727294921875, -102.84754180908203, -102.61605072021484, -102.50167846679688, -102.74702453613281, -102.52491760253906, -102.6628646850586, -102.67977905273438, -102.67776489257812, -102.73622131347656, -102.718994140625, -102.6105728149414, -102.57330322265625, -102.5018081665039, -102.65142059326172, -102.59821319580078, -102.5414810180664, -102.74430084228516, -102.98233032226562, -102.93297576904297, -102.73616790771484, -102.42594146728516, -102.73200225830078, -102.71363830566406, -102.6760482788086, -102.84783935546875, -102.73328399658203, -102.82479858398438, -102.46382904052734, -102.59445190429688, -102.67060089111328, -102.884521484375, -102.594482421875, -102.61839294433594, -103.16990661621094, -103.04520416259766, -102.6135482788086, -102.52006530761719, -102.57492065429688, -102.53800964355469, -102.851806640625, -102.86727905273438, -102.86685943603516, -102.69542694091797, -102.51119995117188, -102.36077117919922, -102.78907775878906, -102.7216796875, -102.58399200439453, -102.70657348632812, -102.3887710571289, -102.28761291503906, -102.46697998046875, -102.41593933105469, -102.54286193847656, -102.58802795410156, -102.38677215576172, -101.98648071289062, -102.57454681396484, -102.72982788085938, -102.38678741455078, -102.36296844482422, -103.13470458984375, -103.20809936523438, -102.90675354003906, -102.69847106933594, -102.56395721435547, -102.41468811035156, -102.68408203125, -102.66273498535156, -102.4511489868164, -102.25052642822266, -102.72335052490234, -102.5472412109375, -102.55294799804688, -102.40264892578125, -102.68228912353516, -102.90579223632812, -102.66658020019531, -102.5938491821289, -102.8407974243164, -102.5903549194336, -102.50013732910156, -102.40995025634766, -102.73114776611328, -102.92241668701172, -103.05853271484375, -102.85575103759766, -102.55421447753906, -102.60041809082031, -102.8633041381836, -102.69987487792969, -102.87889099121094, -102.85527038574219, -102.57984161376953, -102.48927307128906, -102.45252227783203, -102.54608154296875, -102.92455291748047, -102.77114868164062, -102.79362487792969, -102.78797912597656, -102.90374755859375, -102.75406646728516, -102.50495147705078, -102.69222259521484, -102.85456085205078, -102.91383361816406, -102.13782501220703, -101.76618957519531, -102.71788787841797, -102.64651489257812, -102.83218383789062, -102.85432434082031, -103.01107788085938, -103.0149154663086, -102.84054565429688, -102.75552368164062, -102.55757904052734, -102.48237609863281, -102.90809631347656, -102.77777862548828, -102.7552490234375, -102.83486938476562, -102.889892578125, -102.7887954711914, -102.95010375976562, -102.73262786865234, -102.79560089111328, -102.95247650146484, -102.96595764160156, -102.64453887939453, -102.90746307373047, -103.08956146240234, -102.76725006103516, -102.7278823852539, -102.70010375976562, -102.65525817871094, -102.7626724243164, -102.94075775146484, -102.78840637207031, -102.7617416381836, -102.5792007446289, -102.32281494140625, -102.39237213134766, -102.54388427734375, -102.8178939819336, -102.67071533203125, -102.56503295898438, -102.48280334472656, -102.75143432617188, -102.79711151123047, -102.73318481445312, -102.52696990966797, -102.68314361572266, -102.66063690185547, -102.69217681884766, -102.89153289794922, -102.86305236816406, -102.78034210205078, -102.91569519042969, -102.81488800048828, -102.61096954345703, -102.83419799804688, -103.18736267089844, -102.906982421875, -102.92626190185547, -102.9585952758789, -102.92311096191406, -103.03461456298828, -103.15739440917969, -103.05038452148438, -102.86669921875, -102.73973083496094, -102.90496063232422, -102.85303497314453, -102.98534393310547, -102.83301544189453, -102.92475128173828, -102.78201293945312, -103.07766723632812, -103.26018524169922, -103.15003967285156, -102.87517547607422, -102.93260192871094, -103.0185546875, -103.01844024658203, -103.164306640625, -103.01063537597656, -103.00939178466797, -102.84453582763672, -102.86894989013672, -103.0490951538086, -103.14273834228516, -103.05931091308594, -102.91626739501953, -102.8709716796875, -102.82476043701172, -103.08918762207031, -102.98939514160156, -102.6269302368164, -102.49964141845703, -102.87954711914062, -102.8488540649414, -102.71282196044922, -102.69857025146484, -103.10625457763672, -103.02558135986328, -103.04644012451172, -103.05724334716797, -102.93193817138672, -102.91010284423828, -103.01619720458984, -103.0186767578125, -102.5373306274414, -102.52550506591797, -102.959228515625, -102.81362915039062, -102.9010009765625, -100.91578674316406, -85.58589172363281, -84.62007141113281, -86.01177215576172, -85.02942657470703, -86.08332061767578, -85.00003814697266, -85.78804016113281, -84.5759048461914, -85.49127960205078, -84.20063018798828, -85.4016342163086, -84.63748168945312, -85.47891998291016, -84.81824493408203, -85.65892791748047, -84.87334442138672, -85.63103485107422, -84.74031066894531, -85.45622253417969, -84.4726791381836, -85.58919525146484, -84.45635986328125, -85.82915496826172, -84.62998962402344, -85.75328063964844, -84.59806823730469, -84.9485855102539, -84.32492065429688, -85.04730224609375, -84.35564422607422, -85.0202407836914, -84.16522216796875, -84.7152099609375, -83.78677368164062, -84.87745666503906, -83.86068725585938, -84.88440704345703, -83.73860931396484, -85.04737091064453, -83.80660247802734, -85.05145263671875, -83.91278839111328, -84.77192687988281, -84.14387512207031, -84.60511779785156, -83.852783203125, -84.9625473022461, -84.14210510253906, -84.37943267822266, -83.4384536743164, -84.62154388427734, -83.58009338378906, -84.9861068725586, -83.788330078125, -84.66819763183594, -83.36805725097656, -84.68631744384766, -83.94949340820312, -84.15929412841797, -83.50625610351562, -84.23421478271484, -83.48177337646484, -84.4341812133789, -83.56143188476562, -84.434326171875, -83.46061706542969, -84.37617492675781, -83.2423324584961, -84.11160278320312, -82.92926788330078, -84.49287414550781, -83.18810272216797, -84.184814453125, -83.40913391113281, -83.97088623046875, -83.27460479736328, -83.7680892944336, -82.96524810791016, -83.57852935791016, -82.67617797851562, -83.70527648925781, -82.68803405761719, -83.83053588867188, -82.7072525024414, -84.06141662597656, -82.8226547241211, -83.74761962890625, -82.58341979980469, -83.43746948242188, -82.83414459228516, -83.3702163696289, -82.6310043334961, -83.40380859375, -82.56796264648438, -83.46397399902344, -82.51565551757812, -83.31975555419922, -82.281494140625, -83.02664947509766, -81.8653793334961, -83.0366439819336, -81.78765106201172, -83.28032684326172, -82.111328125, -82.92863464355469, -82.30443572998047, -82.8210220336914, -82.06089782714844, -82.97504425048828, -82.1317367553711, -83.07955932617188, -82.10467529296875, -82.78992462158203, -81.730224609375, -82.84951782226562, -81.66731262207031, -82.99172973632812, -81.69381713867188, -82.38221740722656, -81.64456176757812, -82.29106140136719, -81.62908172607422, -82.45861053466797, -81.69918060302734, -82.42491149902344, -81.55215454101562, -82.6192398071289, -81.62276458740234, -82.73101043701172, -81.63026428222656, -82.51701354980469, -81.28936767578125, -82.40599060058594, -81.10249328613281, -82.5102767944336, -81.76581573486328, -82.28419494628906, -81.57498168945312, -82.17430877685547, -81.35564422607422, -82.42438507080078, -81.52017974853516, -82.22905731201172, -81.21576690673828, -82.21109008789062, -81.09716033935547, -82.30522918701172, -81.08872985839844, -82.75283813476562, -81.6447525024414, -82.19547271728516, -81.57221221923828, -82.08544921875, -81.37828063964844, -82.45140075683594, -81.62847137451172, -82.56784057617188, -81.6443862915039, -82.57594299316406, -81.53057098388672, -82.42230224609375, -81.26701354980469, -82.77762603759766, -81.54611206054688, -83.03215789794922, -81.86811828613281, -82.39771270751953, -81.78126525878906, -82.48674011230469, -81.72367095947266, -82.77156066894531, -81.93071746826172, -82.81684875488281, -81.8453598022461, -82.92408752441406, -81.85478973388672, -83.02591705322266, -81.86470794677734, -83.29444122314453, -82.03270721435547, -83.2209243774414, -82.47108459472656, -83.02700805664062, -82.38541412353516, -83.16030883789062, -82.39444732666016, -83.3108901977539, -82.43350982666016, -83.38824462890625, -82.41568756103516, -83.58867645263672, -82.50255584716797, -83.42926025390625, -82.24057006835938, -84.16488647460938, -82.88619232177734, -83.86022186279297, -83.10076904296875, -83.53175354003906, -82.85911560058594, -84.0841064453125, -83.31034088134766, -83.98345947265625, -83.0811538696289, -84.08152770996094, -83.05631256103516, -84.1125717163086, -82.9902114868164, -84.26078033447266, -83.04552459716797, -84.39971160888672, -83.26739501953125, -84.06560516357422, -83.46044921875, -84.52855682373047, -83.83379364013672, -84.50310516357422, -83.6930160522461, -84.5588150024414, -83.65415954589844, -84.72797393798828, -83.6744613647461, -84.64726257324219, -83.50145721435547, -84.92758178710938, -83.68016052246094, -84.6905517578125, -83.53438568115234, -84.74234771728516, -84.13142395019531, -84.57791137695312, -83.83527374267578, -84.5859603881836, -83.72040557861328, -84.59734344482422, -83.66962432861328, -84.9287109375, -83.85569763183594, -85.17540740966797, -83.99696350097656, -84.73407745361328, -83.48955535888672, -84.65013122558594, -83.92893981933594, -84.58104705810547, -83.9378890991211, -84.75810241699219, -83.99966430664062, -84.94493103027344, -84.0691909790039, -84.54924011230469, -83.54114532470703, -84.65888977050781, -83.56404876708984, -84.74746704101562, -83.54080963134766, -84.74874877929688, -83.45024108886719, -84.34845733642578, -83.57573699951172, -84.37226867675781, -83.68659973144531, -84.79887390136719, -84.01559448242188, -84.09632873535156, -83.1741943359375, -84.75808715820312, -83.77024841308594, -84.67743682861328, -83.57070922851562, -84.7426986694336, -83.53885650634766, -84.72209167480469, -83.61045837402344, -83.96006774902344, -83.36392211914062, -84.61892700195312, -83.93228149414062, -84.38541412353516, -83.55023193359375, -84.3986587524414, -83.4818115234375, -84.48583221435547, -83.44947814941406, -84.67528533935547, -83.56263732910156, -84.68289184570312, -83.42198181152344, -84.71269989013672, -83.56525421142578, -84.51376342773438, -83.89302062988281, -84.36028289794922, -83.5871810913086, -84.6424789428711, -83.80165100097656, -84.72592163085938, -83.78740692138672, -84.33159637451172, -83.28839111328125, -84.91083526611328, -83.77120971679688, -84.67945098876953, -83.40916442871094, -84.43501281738281, -83.72843170166016, -84.83212280273438, -84.18575286865234, -84.7430419921875, -83.96614837646484, -84.4488754272461, -83.5452880859375, -85.1491928100586, -84.18228912353516, -85.15508270263672, -84.06312561035156, -85.10104370117188, -83.91185760498047, -84.87781524658203, -83.59693145751953, -85.15066528320312, -84.42827606201172, -85.12079620361328, -84.46424865722656, -84.97334289550781, -84.18167877197266, -85.40487670898438, -84.51799774169922, -85.07408905029297, -84.08746337890625, -85.43307495117188, -84.32975769042969, -85.44075012207031, -84.20545959472656, -85.9650650024414, -84.83116149902344, -85.1734619140625, -84.56390380859375, -85.49932098388672, -84.81280517578125, -85.4404525756836, -84.62677001953125, -85.6412353515625, -84.72547912597656, -85.44915771484375, -84.39401245117188, -85.78719329833984, -84.67086029052734, -85.90583801269531, -84.66179656982422, -85.48446655273438, -84.3105697631836, -85.70164489746094, -85.0886459350586, -85.35550689697266, -84.59832000732422, -85.64268493652344, -84.77945709228516, -85.38417053222656, -84.42771911621094, -85.40213775634766, -84.38117980957031, -85.69141387939453, -84.5278549194336, -85.85243225097656, -84.6159896850586, -85.48694610595703, -84.74070739746094, -85.22340393066406, -84.58243560791016, -85.23536682128906, -84.50592041015625, -85.34512329101562, -84.47223663330078, -85.66069030761719, -84.68395233154297, -85.63636016845703, -84.57879638671875, -85.83248901367188, -84.66560363769531, -85.69902801513672, -84.42413330078125, -85.54619598388672, -84.78675079345703, -85.36725616455078, -84.686767578125, -85.42198181152344, -84.62645721435547, -85.51688385009766, -84.64178466796875, -85.50871276855469, -84.51427459716797, -85.83670806884766, -84.72109985351562, -85.74561309814453, -84.53156280517578, -85.85244750976562, -84.72251892089844, -85.64159393310547, -85.0226058959961, -85.47325897216797, -84.74263763427734, -85.72103881835938, -84.90918731689453, -85.55029296875, -84.63337707519531, -85.75186157226562, -84.75999450683594, -85.90312194824219, -84.76582336425781, -85.83295440673828, -84.60690307617188, -85.98252868652344, -84.81517028808594, -85.46139526367188, -84.84807586669922, -85.75663757324219, -85.00802612304688, -85.92764282226562, -85.08624267578125, -85.75460815429688, -84.81607818603516, -85.78755950927734, -84.72335052490234, -85.76956939697266, -84.62396240234375, -86.07060241699219, -84.78431701660156, -86.20976257324219, -85.51866149902344, -85.86427307128906, -85.21456146240234, -86.08172607421875, -85.3451919555664, -86.1882095336914, -85.3289566040039, -86.23365783691406, -85.28242492675781, -85.95978546142578, -84.9028549194336, -86.29046630859375, -85.12425994873047, -86.32591247558594, -85.04694366455078, -86.15465545654297, -85.4289779663086, -86.14437866210938, -85.46330261230469, -86.01899719238281, -85.20604705810547, -86.134765625, -85.27167510986328, -86.29978942871094, -85.30094146728516, -86.26133728027344, -85.1719970703125, -86.2496109008789, -85.00630950927734, -86.62494659423828, -85.51122283935547, -86.33628845214844, -85.74628448486328, -86.38285064697266, -85.68377685546875, -86.23535919189453, -85.43256378173828, -86.57234191894531, -85.67025756835938, -86.35673522949219, -85.34046173095703, -86.7610855102539, -85.63408660888672, -86.45938110351562, -85.23351287841797, -86.6812744140625, -85.52667999267578, -85.94808959960938, -85.33241271972656, -86.04398345947266, -85.30756378173828, -86.32628631591797, -85.4815444946289, -86.08741760253906, -85.12015533447266, -86.25788879394531, -85.2270278930664, -86.303466796875, -85.13119506835938, -86.659912109375, -85.3775405883789, -86.84139251708984, -86.11216735839844, -86.1321029663086, -85.47577667236328, -86.17486572265625, -85.39807891845703, -86.24799346923828, -85.39256286621094, -86.32379913330078, -85.38473510742188, -86.3639144897461, -85.30575561523438, -86.29100036621094, -85.08386993408203, -86.93331909179688, -85.67548370361328, -86.31208038330078, -85.5489501953125, -86.43440246582031, -85.7445068359375, -86.39045715332031, -85.61058044433594, -86.40164184570312, -85.5213394165039, -86.24150085449219, -85.26678466796875, -86.34765625, -85.22516632080078, -86.27827453613281, -85.07193756103516, -86.6216049194336, -85.5511474609375, -85.91800689697266, -85.3142318725586, -86.38243103027344, -85.6755599975586, -86.70150756835938, -85.91825103759766, -86.66116333007812, -85.72113037109375, -86.72537231445312, -85.70576477050781, -87.0409164428711, -85.92325592041016, -86.7311019897461, -85.52455139160156, -87.0440444946289, -85.87926483154297, -86.22882080078125, -85.61003875732422, -86.69812774658203, -85.96116638183594, -86.71131896972656, -85.90235137939453, -86.94810485839844, -85.98320770263672, -86.37197875976562, -85.3206558227539, -86.8759994506836, -85.75723266601562, -87.26168823242188, -86.01760864257812, -87.02378845214844, -86.3143539428711, -86.80579376220703, -86.17823791503906, -87.17001342773438, -86.41278076171875, -87.18390655517578, -86.33131408691406, -87.25111389160156, -86.31929016113281, -87.14083862304688, -86.06653594970703, -87.62581634521484, -86.4405746459961, -87.66439819335938, -86.40601348876953, -87.38227081298828, -86.67688751220703, -87.69599914550781, -87.01007843017578, -88.05841064453125, -87.2951431274414, -87.8038330078125, -86.90939331054688, -87.87879180908203, -86.8984603881836, -88.3841323852539, -87.28541564941406, -88.3119888305664, -87.12850189208984, -88.76671600341797, -87.64876556396484, -87.88216400146484, -87.3463134765625, -88.5955581665039, -87.91706085205078, -88.34171295166016, -87.55239868164062, -88.70117950439453, -87.84978485107422, -89.04399108886719, -88.05616760253906, -89.037353515625, -87.9055404663086, -89.1462631225586, -87.91276550292969, -89.49246978759766, -88.37655639648438, -88.76290893554688, -88.1939468383789, -89.07315063476562, -88.38247680664062, -89.15629577636719, -88.33668518066406, -89.1801528930664, -88.30667114257812, -89.49111938476562, -88.46959686279297, -89.20114135742188, -88.1103744506836, -89.49696350097656, -88.28343963623047, -89.37683868408203, -88.61668395996094, -89.47918701171875, -88.82485961914062, -89.03685760498047, -88.30622100830078, -89.5842056274414, -88.7320327758789, -89.43401336669922, -88.47929382324219, -89.26617431640625, -88.2085189819336, -89.20404052734375, -88.04033660888672, -89.78581237792969, -88.5093002319336, -89.37154388427734, -88.64501953125, -89.26941680908203, -88.62406921386719, -89.27030181884766, -88.48902893066406, -88.96932220458984, -88.0905532836914, -89.28372955322266, -88.39322662353516, -89.40210723876953, -88.313720703125, -89.44438934326172, -88.32261657714844, -89.56815338134766, -88.41706085205078, -89.07099914550781, -88.47785949707031, -89.37791442871094, -88.71857452392578, -89.18897247314453, -88.41630554199219, -89.42960357666016, -88.5374755859375, -89.50670623779297, -88.49414825439453, -89.4139633178711, -88.29335021972656, -89.22150421142578, -88.01168060302734, -89.91736602783203, -88.8362808227539, -89.11781311035156, -88.48206329345703, -89.21115112304688, -88.53463745117188, -89.75601196289062, -88.9598617553711, -89.42330932617188, -88.49987030029297, -89.59525299072266, -88.5770492553711, -89.70906829833984, -88.59413146972656, -90.02787780761719, -88.75663757324219, -89.66313171386719, -88.9857406616211, -89.61363983154297, -88.97968292236328, -89.885009765625, -89.2014389038086, -89.65341186523438, -88.84805297851562, -89.73261260986328, -88.81930541992188, -89.8261947631836, -88.77157592773438, -90.06340026855469, -88.89017486572266, -89.99994659423828, -88.79027557373047, -89.95647430419922, -89.19158935546875, -89.50349426269531, -88.8113021850586, -89.99278259277344, -89.22628784179688, -90.1598892211914, -89.29209899902344, -89.79751586914062, -88.8821029663086, -90.3078384399414, -89.22503662109375, -89.72187042236328, -88.47550964355469, -90.19032287597656, -89.11702728271484, -89.934326171875, -89.36618041992188, -89.96387481689453, -89.30094909667969, -89.62248992919922, -88.85311126708984, -90.0274887084961, -89.12016296386719, -90.14786529541016, -89.15983581542969, -89.6657485961914, -88.5360107421875, -89.92548370361328, -88.70814514160156, -90.01390075683594, -88.87490844726562, -89.36555480957031, -88.76696014404297, -89.2574691772461, -88.53084564208984, -89.54467010498047, -88.70893096923828, -89.38916015625, -88.4085464477539, -89.2690200805664, -88.29232025146484, -89.11792755126953, -87.98735809326172, -89.08184814453125, -87.81689453125, -88.96977996826172, -88.2396011352539, -88.74614715576172, -88.07633972167969, -88.68065643310547, -87.95425415039062, -88.30477905273438, -87.43325805664062, -88.52518463134766, -87.56214904785156, -88.35424041748047, -87.29425048828125, -87.88842010498047, -86.69473266601562, -87.97039031982422, -86.69917297363281, -87.91124725341797, -87.1788101196289, -87.22451782226562, -86.52198791503906, -87.1666259765625, -86.3882064819336, -87.6275634765625, -86.72154235839844, -86.96846771240234, -85.97103118896484, -87.23829650878906, -86.18115234375, -87.30836486816406, -86.07767486572266, -86.7591781616211, -85.62471771240234, -86.35775756835938, -85.78067016601562, -86.45805358886719, -85.7458267211914, -85.75651550292969, -84.94180297851562, -85.74407196044922, -84.82011413574219, -86.09833526611328, -85.0788803100586, -85.82717895507812, -84.6725845336914, -86.16818237304688, -84.92720794677734, -85.48649597167969, -84.311279296875, -85.19114685058594, -84.58381652832031, -85.65521240234375, -84.93962860107422, -85.37533569335938, -84.54296875, -85.14287567138672, -84.14469146728516, -85.28337097167969, -84.26643371582031, -85.02859497070312, -83.81022644042969, -85.1296157836914, -83.88680267333984, -98.13459014892578, -100.24632263183594, -84.81199645996094, -84.0904541015625, -85.1938247680664, -84.42965698242188, -85.11860656738281, -84.23902893066406, -84.46289825439453, -83.46500396728516, -84.98719024658203, -83.90992736816406, -84.8144302368164, -83.61811065673828, -84.93122863769531, -83.63580322265625, -84.29703521728516, -83.53502655029297, -84.31086730957031, -83.63626098632812, -84.31298828125, -83.50739288330078, -84.64695739746094, -83.77413177490234, -84.54315185546875, -83.54663848876953, -84.98825073242188, -83.90068054199219, -84.70264434814453, -83.46797180175781, -84.65538024902344, -83.34117889404297, -84.29542541503906, -83.54933166503906, -84.26013946533203, -83.59640502929688, -84.4381332397461, -83.60413360595703, -84.39915466308594, -83.47602844238281, -84.77029418945312, -83.73086547851562, -84.57462310791016, -83.43482208251953, -85.08501434326172, -83.82157897949219, -84.66275787353516, -83.50891876220703, -84.3111801147461, -83.69329071044922, -84.63316345214844, -83.92719268798828, -84.22003936767578, -83.3680191040039, -84.3629150390625, -83.39122009277344, -84.80994415283203, -83.77330017089844, -85.08985900878906, -83.97288513183594, -84.93241882324219, -83.69168090820312, -85.49817657470703, -84.31320190429688, -84.78069305419922, -84.14838409423828, -85.19181823730469, -84.42203521728516, -85.00010681152344, -84.12042999267578, -85.18256378173828, -84.23033142089844, -85.1800537109375, -84.10386657714844, -85.38523864746094, -84.20391082763672, -85.85643005371094, -84.58892822265625, -85.46340942382812, -84.7256851196289, -85.49134063720703, -84.83538818359375, -86.06877899169922, -85.31856536865234, -85.74921417236328, -84.8690185546875, -86.35498809814453, -85.35462951660156, -86.29145050048828, -85.2069091796875, -86.583984375, -85.34242248535156, -86.73845672607422, -85.42576599121094, -86.93950653076172, -86.15745544433594, -86.58810424804688, -85.88963317871094, -86.9513168334961, -86.14020538330078, -86.99111938476562, -86.08416748046875, -87.65715026855469, -86.6783676147461, -87.58576965332031, -86.48538970947266, -88.00164031982422, -86.7618408203125, -88.10321044921875, -86.99815368652344, -88.0627212524414, -87.5224609375, -88.34342193603516, -87.6328353881836, -88.58525848388672, -87.79241180419922, -88.91675567626953, -87.99905395507812, -89.06610870361328, -88.06732940673828, -89.13793182373047, -87.99797821044922, -89.38169860839844, -88.15708923339844, -89.93574523925781, -88.81077575683594, -89.96125030517578, -89.4013671875, -90.25071716308594, -89.49376678466797, -90.52346801757812, -89.73094177246094, -91.06492614746094, -90.1164321899414, -90.91732788085938, -89.83853912353516, -91.3611831665039, -90.25901794433594, -91.79476928710938, -90.6103286743164, -91.76435852050781, -91.03303527832031, -91.89338684082031, -91.26313781738281, -92.22335815429688, -91.46871185302734, -92.46131134033203, -91.69157409667969, -93.06107330322266, -92.07801818847656, -93.20159149169922, -92.1636734008789, -93.57093811035156, -92.47355651855469, -94.20987701416016, -92.96927642822266, -93.94208526611328, -93.29468536376953, -93.99783325195312, -93.52279663085938, -94.5334701538086, -93.8099136352539, -94.39472961425781, -93.59419250488281, -95.13107299804688, -94.28905487060547, -95.36248779296875, -94.37925720214844, -95.42613983154297, -94.4305191040039, -95.4338150024414, -94.45368957519531, -95.56659698486328, -95.060302734375, -95.9279556274414, -95.2519302368164, -95.29561614990234, -94.55180358886719, -95.21121215820312, -94.36863708496094, -95.35454559326172, -94.45364379882812, -95.49014282226562, -94.540771484375, -95.33186340332031, -94.20539093017578, -95.17498779296875, -94.11738586425781, -94.89227294921875, -94.27984619140625, -94.47201538085938, -93.87977600097656, -94.55457305908203, -93.8092041015625, -94.46593475341797, -93.52122497558594, -93.7144775390625, -92.72621154785156, -93.78921508789062, -92.74541473388672, -93.36601257324219, -92.12510681152344, -93.29064178466797, -92.50949096679688, -92.3689193725586, -91.68085479736328, -92.18399047851562, -91.50730895996094, -91.9831314086914, -91.10113525390625, -91.88518524169922, -90.96372985839844, -91.83795928955078, -90.80108642578125, -91.7490463256836, -90.58563232421875, -91.31202697753906, -89.99878692626953, -90.94393920898438, -90.19122314453125, -90.43828582763672, -89.76826477050781, -90.54976654052734, -89.82307434082031, -90.67835235595703, -89.77052307128906, -90.2945556640625, -89.20600128173828, -90.41808319091797, -89.30467987060547, -90.23255157470703, -89.01445770263672, -90.1020278930664, -88.95348358154297, -89.70680236816406, -89.14085388183594, -89.48444366455078, -88.76033020019531, -89.6507568359375, -88.80574798583984, -89.2488784790039, -88.3488998413086, -89.55683135986328, -88.51246643066406, -89.15672302246094, -87.99705505371094, -88.9441909790039, -87.69038391113281, -89.48194122314453, -88.349609375, -88.64691162109375, -88.0283203125, -88.48650360107422, -87.73210906982422, -88.31791687011719, -87.46637725830078, -88.4938735961914, -87.54627227783203, -88.17971801757812, -87.10750579833984, -88.4409408569336, -87.28671264648438, -88.40690612792969, -87.09428405761719, -87.77485656738281, -87.06380462646484, -87.78539276123047, -87.08556365966797, -87.60638427734375, -86.87940216064453, -87.72074890136719, -86.8677978515625, -87.6217269897461, -86.6314697265625, -87.36199188232422, -86.26465606689453, -87.67347717285156, -86.46029663085938, -87.43608856201172, -86.11614990234375, -87.13087463378906, -86.3413314819336, -86.82150268554688, -86.11185455322266, -86.89482116699219, -86.10868072509766, -86.90081024169922, -85.96385955810547, -86.7527084350586, -85.72747039794922, -87.22428131103516, -86.10112762451172, -86.8306884765625, -85.59772491455078, -87.06898498535156, -85.9217300415039, -86.64175415039062, -86.00881958007812, -86.3652114868164, -85.64393615722656, -86.18238830566406, -85.32085418701172, -86.12943267822266, -85.14984130859375, -86.20140838623047, -85.1688003540039, -86.16862487792969, -85.02656555175781, -86.16822052001953, -84.91332244873047, -86.00357055664062, -84.83505249023438, -85.67105865478516, -85.04708099365234, -85.7278823852539, -84.98257446289062, -85.71133422851562, -84.85332489013672, -85.70117950439453, -84.73965454101562, -85.96981811523438, -84.91038513183594, -85.7636947631836, -84.58773040771484, -85.64552307128906, -84.36600494384766, -85.47579193115234, -84.73603820800781, -85.376953125, -84.6778335571289, -85.45208740234375, -84.67182922363281, -85.21826934814453, -84.30078125, -85.5955581665039, -84.62141418457031, -85.69082641601562, -84.58748626708984, -85.78355407714844, -84.55728149414062, -85.69339752197266, -84.36842346191406, -85.57394409179688, -84.82341003417969, -85.3681411743164, -84.65748596191406, -85.44182586669922, -84.64598846435547, -85.61062622070312, -84.71013641357422, -85.43685150146484, -84.40573120117188, -85.51782989501953, -84.40066528320312, -85.57742309570312, -84.36712646484375, -85.4949951171875, -84.34783935546875, -85.17704772949219, -84.55674743652344, -85.51277923583984, -84.78597259521484, -85.45578002929688, -84.63693237304688, -85.678955078125, -84.75225067138672, -85.91412353515625, -84.864013671875, -85.77948760986328, -84.60472869873047, -86.09542083740234, -84.84027099609375, -85.98748016357422, -84.80072784423828, -85.51752471923828, -84.8808364868164, -86.12626647949219, -85.41026306152344, -85.88436889648438, -85.03146362304688, -86.16325378417969, -85.18202209472656, -85.8377456665039, -84.73637390136719, -86.10689544677734, -84.96560668945312, -86.0217514038086, -84.7162857055664, -85.93465423583984, -85.18985748291016, -85.80952453613281, -85.13699340820312, -85.82125854492188, -85.06143951416016, -85.88716888427734, -85.01728057861328, -86.09993743896484, -85.1512222290039, -86.43212127685547, -85.32222747802734, -86.03669738769531, -84.79740905761719, -86.35377502441406, -85.05451965332031, -85.67296600341797, -84.89319610595703, -85.67298889160156, -84.9745101928711, -85.84281921386719, -85.07373809814453, -85.97879791259766, -85.08512878417969, -85.89308166503906, -84.86138153076172, -85.85101318359375, -84.7306900024414, -85.98568725585938, -84.78195190429688, -85.91456604003906, -84.77811431884766, -85.48883819580078, -84.89461517333984, -85.62203979492188, -84.90345764160156, -85.6775894165039, -84.82670593261719, -85.85399627685547, -84.96343231201172, -85.63983917236328, -84.57972717285156, -85.65265655517578, -84.51580810546875, -86.06890869140625, -84.80551147460938, -85.99710083007812, -84.82964324951172, -85.45509338378906, -84.79737091064453, -85.48258972167969, -84.72808837890625, -85.5162124633789, -84.63025665283203, -85.33040618896484, -84.35780334472656, -85.7074203491211, -84.66910552978516, -85.83878326416016, -84.66058349609375, -85.7137680053711, -84.41130828857422, -85.39170837402344, -84.63724517822266, -85.81266021728516, -85.16728210449219, -85.45747375488281, -84.6690902709961, -85.52838897705078, -84.62095642089844, -85.671630859375, -84.67709350585938, -85.83214569091797, -84.75054931640625, -86.01203918457031, -84.83892059326172, -85.76750946044922, -84.45352935791016, -85.55020904541016, -84.79248046875, -85.40815734863281, -84.70446014404297, -85.43109130859375, -84.62678527832031, -85.8368148803711, -84.92005920410156, -85.41535186767578, -84.35783386230469, -85.64142608642578, -84.53813171386719, -85.7255630493164, -84.44937133789062, -86.01253509521484, -84.89019012451172, -85.58867645263672, -84.95758819580078, -85.82107543945312, -85.06564331054688, -85.67314910888672, -84.84693908691406, -85.7724838256836, -84.83747863769531, -85.625, -84.55707550048828, -86.05354309082031, -84.89218139648438, -85.95758819580078, -84.68399810791016, -86.13130950927734, -84.96670532226562, -85.71516418457031, -85.08866882324219, -86.15357971191406, -85.43757629394531, -86.35557556152344, -85.50248718261719, -86.24454498291016, -85.26900482177734, -86.28285217285156, -85.21528625488281, -86.64654541015625, -85.52136993408203, -86.56272888183594, -85.28910064697266, -86.47518157958984, -85.72161102294922, -86.37345886230469, -85.72502899169922, -86.36408233642578, -85.57876586914062, -86.54933166503906, -85.67828369140625, -86.7081527709961, -85.72151184082031, -86.7313232421875, -85.61509704589844, -87.05259704589844, -85.87092590332031, -87.314697265625, -86.0286636352539, -87.15601348876953, -86.3922348022461, -86.8812484741211, -86.19700622558594, -87.01378631591797, -86.21469116210938, -86.69097900390625, -85.79066467285156, -87.02320098876953, -86.01458740234375, -87.22762298583984, -86.10250854492188, -87.47981262207031, -86.24754333496094, -87.62478637695312, -86.46211242675781, -87.28733825683594, -86.68671417236328, -87.51021575927734, -86.82162475585938, -87.48261260986328, -86.63851165771484, -87.41880798339844, -86.52155303955078, -87.87738800048828, -86.8409652709961, -87.40377807617188, -86.27533721923828, -87.72241973876953, -86.47681427001953, -87.40066528320312, -86.25739288330078, -87.48307037353516, -86.8529052734375, -87.20490264892578, -86.45862579345703, -87.08588409423828, -86.2166748046875, -87.1364974975586, -86.15715026855469, -87.51481628417969, -86.4316635131836, -87.68842315673828, -86.51251983642578, -87.26033020019531, -85.98056030273438, -87.07797241210938, -86.35550689697266, -86.62390899658203, -85.98611450195312, -86.88314056396484, -86.11494445800781, -86.7103271484375, -85.82221984863281, -86.46891784667969, -85.4808120727539, -86.7970199584961, -85.72335815429688, -86.5861587524414, -85.36022186279297, -86.44781494140625, -85.11222839355469, -86.29058837890625, -85.51014709472656, -85.69168090820312, -84.97480010986328, -85.9781494140625, -85.1570816040039, -85.64353942871094, -84.73181915283203, -85.93276977539062, -84.93950653076172, -85.75194549560547, -84.62226104736328, -85.22209930419922, -83.98165893554688, -85.52853393554688, -84.36701202392578, -85.2459487915039, -84.62545776367188, -84.90198516845703, -84.1908950805664, -84.90049743652344, -84.04203033447266, -84.88275146484375, -83.95792388916016, -84.63941192626953, -83.58544158935547, -84.61151123046875, -83.4378662109375, -84.40461730957031, -83.1344223022461, -84.73970794677734, -83.5809555053711, -84.04542541503906, -83.39335632324219, -84.1057357788086, -83.39627838134766, -83.97515106201172, -83.09857177734375, -84.13301849365234, -83.15829467773438, -84.10004425048828, -83.03376007080078, -84.01376342773438, -82.82454681396484, -83.98870849609375, -82.70425415039062, -83.39667510986328, -82.64923095703125, -83.52743530273438, -82.86418914794922, -83.6236801147461, -82.84516143798828, -83.3682861328125, -82.47500610351562, -83.54435729980469, -82.5711441040039, -83.46636199951172, -82.35440826416016, -83.72462463378906, -82.51961517333984, -83.45870208740234, -82.14671325683594, -83.55744171142578, -82.77232360839844, -83.18741607666016, -82.4986801147461, -83.50037384033203, -82.6896743774414, -83.45301055908203, -82.53640747070312, -83.1828842163086, -82.16729736328125, -83.3919906616211, -82.30323028564453, -83.4813232421875, -82.22284698486328, -83.87196350097656, -82.71812438964844, -83.01908874511719, -82.3909912109375, -83.16736602783203, -82.4578857421875, -83.3049545288086, -82.46332550048828, -83.55811309814453, -82.59954833984375, -83.37017059326172, -82.33861541748047, -83.69217681884766, -82.54061126708984, -83.66329956054688, -82.38856506347656, -83.69119262695312, -82.51427459716797, -83.22892761230469, -82.58832550048828, -83.21134185791016, -82.44729614257812, -83.39777374267578, -82.51688385009766, -83.58755493164062, -82.6427001953125, -83.98541259765625, -82.9323501586914, -83.72138977050781, -82.53093719482422, -83.82127380371094, -82.5716781616211, -83.70449829101562, -82.95390319824219, -83.58794403076172, -82.90975952148438, -83.46590423583984, -82.66606140136719, -83.86065673828125, -82.98472595214844, -83.72152709960938, -82.72285461425781, -84.1365966796875, -83.0329360961914, -84.07733917236328, -82.86949920654297, -84.12254333496094, -82.78541564941406, -84.29178619384766, -83.50114440917969, -84.08273315429688, -83.40190887451172, -84.3436508178711, -83.55501556396484, -84.26463317871094, -83.37348175048828, -84.66691589355469, -83.63927459716797, -84.95526123046875, -83.8389892578125, -85.0136489868164, -83.80693054199219, -85.06939697265625, -83.91338348388672, -84.89541625976562, -84.33541107177734, -84.96580505371094, -84.24560546875, -85.16690826416016, -84.33601379394531, -85.41427612304688, -84.50135040283203, -85.61370849609375, -84.5982666015625, -85.92359161376953, -84.80009460449219, -85.90733337402344, -84.64404296875, -86.42150115966797, -85.28106689453125, -85.96212768554688, -85.30210876464844, -85.96340942382812, -85.17730712890625, -86.26443481445312, -85.4299545288086, -86.35889434814453, -85.43328857421875, -86.7088851928711, -85.6739273071289, -86.47906494140625, -85.26976776123047, -86.72390747070312, -85.4751205444336, -86.75767517089844, -86.04466247558594, -86.81150817871094, -86.12516021728516, -87.20150756835938, -86.41053771972656, -87.1339111328125, -86.25411224365234, -87.29566192626953, -86.32164764404297, -87.31809997558594, -86.2177734375, -87.27259826660156, -86.05024719238281, -87.64189910888672, -86.40550231933594, -87.6607894897461, -86.92618560791016, -87.21939086914062, -86.56275177001953, -87.47428131103516, -86.6895523071289, -87.44755554199219, -86.54232788085938, -87.7608871459961, -86.79124450683594, -87.88664245605469, -86.72693634033203, -87.91857147216797, -86.69857025146484, -87.67064666748047, -86.4954605102539, -87.57847595214844, -86.97772216796875, -87.72191619873047, -86.98280334472656, -87.5639877319336, -86.69538116455078, -87.49593353271484, -86.58968353271484, -87.8172836303711, -86.8198013305664, -100.23043823242188, -102.93833923339844, -103.00614929199219, -102.78201293945312, -102.87141418457031, -102.82493591308594, -103.19439697265625, -102.76457977294922, -103.00553131103516, -103.21025085449219, -103.13380432128906, -103.114990234375, -103.07157135009766, -103.01627349853516, -103.0506362915039, -103.01729583740234, -102.84603881835938, -102.64593505859375, -103.07361602783203, -103.22044372558594, -102.9700698852539, -102.83991241455078, -102.92188262939453, -102.77436065673828, -103.22357940673828, -103.13585662841797, -102.7504653930664, -102.57706451416016, -103.09688568115234, -103.1783447265625, -103.20198059082031, -102.99024963378906, -103.12003326416016, -103.10762786865234, -102.64398956298828, -102.47991943359375, -103.05123138427734, -102.94450378417969, -102.96510314941406, -102.94156646728516, -102.89301300048828, -102.9730453491211, -103.11759185791016, -102.99375915527344, -103.12001037597656, -102.94572448730469, -103.21611022949219, -103.10824584960938, -102.7129135131836, -102.75965881347656, -102.81698608398438, -103.04911804199219, -102.84209442138672, -102.79517364501953, -102.95005798339844, -103.01665496826172, -103.02445220947266, -102.85045623779297, -102.90237426757812, -102.68941497802734, -102.59201049804688, -102.60267639160156, -102.68675994873047, -102.80868530273438, -102.86373901367188, -102.5633773803711, -102.594970703125, -102.62615966796875, -102.72515106201172, -102.88539123535156, -102.95698547363281, -102.8119888305664, -102.78755950927734, -102.53363800048828, -102.51953125, -102.74105072021484, -102.93444061279297, -102.947998046875, -102.69947052001953, -102.77330017089844, -102.85658264160156, -102.9507064819336, -102.87718200683594, -103.03457641601562, -102.79095458984375, -102.60389709472656, -102.37809753417969, -102.50736236572266, -102.72315216064453, -102.99180603027344, -102.7740249633789, -102.68630981445312, -102.47212982177734, -102.80906677246094, -102.5811996459961, -102.60897064208984, -102.89987182617188, -102.74089813232422, -102.69357299804688, -102.87289428710938, -102.50418090820312, -102.57518768310547, -102.9190673828125, -102.82633972167969, -102.56050109863281, -102.62281036376953, -102.76695251464844, -102.81171417236328, -102.94650268554688, -102.98152923583984, -102.94401550292969, -103.05863189697266, -102.90410614013672, -102.46833801269531, -102.86021423339844, -103.00860595703125, -102.79710388183594, -102.74585723876953, -102.82526397705078, -102.87088012695312, -102.95791625976562, -102.90422058105469, -102.8115463256836, -102.91382598876953, -102.82553100585938, -102.6972885131836, -103.17432403564453, -103.05276489257812, -102.73075103759766, -102.7385482788086, -103.2373275756836, -103.1161880493164, -103.07428741455078, -103.09869384765625, -103.0306396484375, -102.83255767822266, -102.88436126708984, -102.8967514038086, -102.9842758178711, -103.04740142822266, -103.04507446289062, -102.87149810791016, -102.77863311767578, -102.75518798828125, -102.87397766113281, -102.93683624267578, -102.90929412841797, -102.75173950195312, -102.82960510253906, -102.49966430664062, -102.49720764160156, -102.79290771484375, -102.91165161132812, -102.98046112060547, -102.9768295288086, -102.7471923828125, -102.59174346923828, -102.71375274658203, -102.7391128540039, -102.63170623779297, -102.39400482177734, -102.38374328613281, -102.27304077148438, -102.37683868408203, -102.60643005371094, -102.64802551269531, -102.46344757080078, -102.02812194824219, -101.96436309814453, -102.21768188476562, -102.48890686035156, -102.47269439697266, -102.28453826904297, -101.92281341552734, -101.44940948486328, -101.87789154052734, -102.11810302734375, -102.2697525024414, -102.32128143310547, -101.95903778076172, -101.75010681152344, -101.74263763427734, -102.01995086669922, -102.24760437011719, -102.15018463134766, -101.66670989990234, -102.04084014892578, -101.72698211669922, -101.87092590332031, -102.38233184814453, -102.21183776855469, -101.84103393554688, -102.0163345336914, -101.81649017333984, -102.33765411376953, -102.58311462402344, -102.72785949707031, -102.93160247802734, -102.82624816894531, -102.69440460205078, -102.97954559326172, -103.06079864501953, -102.98748779296875, -103.08473205566406, -103.02226257324219, -102.84751892089844, -102.57110595703125, -102.64437866210938, -102.55702209472656, -102.50343322753906, -102.28937530517578, -102.27300262451172, -102.4651870727539, -102.59672546386719, -102.659912109375, -102.84398651123047, -102.83113861083984, -102.83372497558594, -102.50090789794922, -102.657958984375, -102.97225952148438, -102.7918701171875, -102.75227355957031];
200003;0x6000600060006000600060006000600060006000600060006000600060006000;-85.83710373911237;-71.05198455669904;21.03453827490834;3.55;3.98;4.44668888888889;1.31;3.283611111111111;7.02;[-102.9730224609375, -102.82439422607422, -102.81189727783203, -103.01490783691406, -102.85711669921875, -102.6797103881836, -102.44619750976562, -102.70741271972656, -102.79955291748047, -102.67516326904297, -102.80145263671875, -102.94995880126953, -102.91251373291016, -102.7390365600586, -102.66670227050781, -102.5962905883789, -102.45574951171875, -102.72888946533203, -102.68888854980469, -102.75335693359375, -102.71734619140625, -103.0037841796875, -103.06407165527344, -102.72914123535156, -102.59008026123047, -102.78994750976562, -102.75090789794922, -102.79730224609375, -102.84309387207031, -102.67487335205078, -102.66185760498047, -102.66853332519531, -102.74010467529297, -102.76959228515625, -102.64435577392578, -102.61536407470703, -102.57711029052734, -102.84697723388672, -102.63892364501953, -102.56369018554688, -102.38157653808594, -102.54914855957031, -102.44197082519531, -102.79620361328125, -102.65823364257812, -102.84286499023438, -102.9518051147461, -102.48826599121094, -102.56803131103516, -102.733154296875, -102.83004760742188, -102.56938934326172, -102.5019302368164, -102.52362060546875, -102.36156463623047, -102.75132751464844, -102.67657470703125, -102.71107482910156, -102.6183090209961, -102.73605346679688, -102.2706298828125, -102.74195861816406, -102.99919128417969, -102.80150604248047, -102.43434143066406, -102.88220977783203, -103.021484375, -102.73856353759766, -102.50393676757812, -102.52294158935547, -102.29974365234375, -102.67272186279297, -102.61527252197266, -102.34371948242188, -102.28838348388672, -102.56360626220703, -102.53398132324219, -102.60633087158203, -102.6947021484375, -103.02595520019531, -102.77157592773438, -102.56758880615234, -102.50160217285156, -102.5921859741211, -102.74650573730469, -102.6759262084961, -102.64105987548828, -102.90691375732422, -102.88044738769531, -102.7909164428711, -102.87237548828125, -102.99649047851562, -102.75096893310547, -102.76211547851562, -102.86454772949219, -103.08344268798828, -103.0272445678711, -102.58363342285156, -102.50145721435547, -102.52743530273438, -102.57284545898438, -102.86146545410156, -102.81707000732422, -102.92758178710938, -102.8828125, -102.85234832763672, -102.93988800048828, -102.91670989990234, -102.94371795654297, -103.04196166992188, -102.90894317626953, -102.27658081054688, -102.03099060058594, -102.73660278320312, -102.94976043701172, -103.13085174560547, -103.16459655761719, -103.11725616455078, -103.0594711303711, -102.91584777832031, -102.92742156982422, -102.94703674316406, -102.71257019042969, -102.76318359375, -102.8180923461914, -102.89437866210938, -102.81389617919922, -103.01689910888672, -102.5855941772461, -102.70430755615234, -102.78690338134766, -102.9176025390625, -102.98014831542969, -102.94689178466797, -102.75780487060547, -102.8383560180664, -102.93321990966797, -102.82362365722656, -102.77863311767578, -102.81189727783203, -102.89039611816406, -103.0223617553711, -102.89181518554688, -102.67539978027344, -102.67964935302734, -102.64512634277344, -102.4668197631836, -102.57059478759766, -102.6053466796875, -102.88357543945312, -102.90795135498047, -102.64195251464844, -102.47490692138672, -102.81259155273438, -102.69827270507812, -102.54695892333984, -102.26311492919922, -102.6065902709961, -102.69615173339844, -102.91600036621094, -102.7563705444336, -102.91670989990234, -103.08091735839844, -103.11412048339844, -102.92911529541016, -102.79742431640625, -102.75806427001953, -103.22766876220703, -103.23442077636719, -103.12899017333984, -103.07788848876953, -102.90481567382812, -103.21612548828125, -103.24321746826172, -103.04762268066406, -103.04150390625, -102.84436798095703, -102.68949127197266, -102.79960632324219, -102.94416809082031, -103.05769348144531, -103.11979675292969, -102.962158203125, -103.05401611328125, -103.00502014160156, -102.8726577758789, -102.95398712158203, -102.87645721435547, -102.97966003417969, -102.97947692871094, -102.97218322753906, -102.87025451660156, -102.78815460205078, -102.8306655883789, -102.83412170410156, -103.0914077758789, -102.84779357910156, -102.87818145751953, -103.00667572021484, -103.07598114013672, -102.9761734008789, -103.00717163085938, -103.04719543457031, -102.72574615478516, -102.56464385986328, -103.18082427978516, -102.99980163574219, -102.92059326171875, -102.92701721191406, -103.01478576660156, -103.0234146118164, -103.0690689086914, -103.04987335205078, -102.94548797607422, -102.87902069091797, -103.0195541381836, -103.01412963867188, -102.49494171142578, -102.40485382080078, -102.73967742919922, -102.78346252441406, -102.87258911132812, -101.19963836669922, -86.7103500366211, -85.75533294677734, -87.14386749267578, -86.13365936279297, -87.2055435180664, -86.12088775634766, -86.91374206542969, -85.75456237792969, -86.71007537841797, -85.37572479248047, -86.51361083984375, -85.7674331665039, -86.6597671508789, -85.96952819824219, -86.81806182861328, -86.02021789550781, -86.8276138305664, -85.92825317382812, -86.59088897705078, -85.6050033569336, -86.73162078857422, -85.59837341308594, -86.97561645507812, -85.78114318847656, -87.00574493408203, -85.8122787475586, -86.06439971923828, -85.49373626708984, -86.19874572753906, -85.46244049072266, -86.08722686767578, -85.28294372558594, -85.8999252319336, -84.94725799560547, -86.02291107177734, -84.9830551147461, -86.07059478759766, -84.93534088134766, -86.24134063720703, -85.00828552246094, -86.22725677490234, -85.06922912597656, -85.88813781738281, -85.26476287841797, -85.74430847167969, -84.9962387084961, -86.17913055419922, -85.33637237548828, -85.5246810913086, -84.57916259765625, -85.73932647705078, -84.67613983154297, -86.0681381225586, -84.9294662475586, -85.78264617919922, -84.51688385009766, -85.82669067382812, -85.08646392822266, -85.25422668457031, -84.62543487548828, -85.38676452636719, -84.65071105957031, -85.55337524414062, -84.67053985595703, -85.5592041015625, -84.58324432373047, -85.46481323242188, -84.34429168701172, -85.16851806640625, -83.99504089355469, -85.48845672607422, -84.21009826660156, -85.271484375, -84.52693176269531, -85.02388763427734, -84.3261489868164, -84.83180236816406, -84.02213287353516, -84.6100082397461, -83.69266510009766, -84.74734497070312, -83.7461929321289, -84.88202667236328, -83.78377532958984, -85.09370422363281, -83.85548400878906, -84.7840805053711, -83.62291717529297, -84.4690933227539, -83.87051391601562, -84.41571807861328, -83.69464111328125, -84.40363311767578, -83.58414459228516, -84.44743347167969, -83.51678466796875, -84.32235717773438, -83.27254486083984, -84.03557586669922, -82.849853515625, -84.04997253417969, -82.78328704833984, -84.251708984375, -83.08626556396484, -83.92234802246094, -83.27729797363281, -83.7499771118164, -83.0016860961914, -83.9141616821289, -83.05111694335938, -83.97077178955078, -83.0242691040039, -83.751220703125, -82.66522216796875, -83.76903533935547, -82.59528350830078, -83.8352279663086, -82.56495666503906, -83.31256103515625, -82.53704071044922, -83.20848846435547, -82.55348205566406, -83.29924011230469, -82.5249252319336, -83.29085540771484, -82.42147064208984, -83.44368743896484, -82.44888305664062, -83.53050231933594, -82.4666976928711, -83.36264038085938, -82.13848114013672, -83.20856475830078, -81.89071655273438, -83.3287353515625, -82.55960083007812, -83.04744720458984, -82.37293243408203, -82.91425323486328, -82.13504791259766, -83.20219421386719, -82.31011962890625, -83.03153991699219, -82.01555633544922, -82.96663665771484, -81.83397674560547, -83.10480499267578, -81.88394927978516, -83.53395080566406, -82.41460418701172, -82.929443359375, -82.31246185302734, -82.84479522705078, -82.15402221679688, -83.19709014892578, -82.37720489501953, -83.32211303710938, -82.39414978027344, -83.3123779296875, -82.24520111083984, -83.17838287353516, -82.0262222290039, -83.50614166259766, -82.27703857421875, -83.7710952758789, -82.62934875488281, -83.17913055419922, -82.5123291015625, -83.18712615966797, -82.44062805175781, -83.48100280761719, -82.65475463867188, -83.54512786865234, -82.57684326171875, -83.64584350585938, -82.5709228515625, -83.77142333984375, -82.59215545654297, -84.0302963256836, -82.74778747558594, -83.9508056640625, -83.24678802490234, -83.75582885742188, -83.10147094726562, -83.9039077758789, -83.12572479248047, -83.98345184326172, -83.12773132324219, -84.08853149414062, -83.12691497802734, -84.29472351074219, -83.18453216552734, -84.188720703125, -82.97285461425781, -84.91785430908203, -83.67430877685547, -84.61654663085938, -83.86259460449219, -84.30460357666016, -83.59829711914062, -84.85753631591797, -84.09121704101562, -84.7979507446289, -83.86603546142578, -84.84412384033203, -83.85501861572266, -84.87288665771484, -83.77435302734375, -85.02490234375, -83.81957244873047, -85.21580505371094, -84.0809097290039, -84.88247680664062, -84.27522277832031, -85.34688568115234, -84.66661071777344, -85.33692932128906, -84.49839782714844, -85.45244598388672, -84.54310607910156, -85.59990692138672, -84.53607940673828, -85.58658599853516, -84.43385314941406, -85.81876373291016, -84.58818054199219, -85.6328353881836, -84.4618911743164, -85.63774871826172, -85.00165557861328, -85.43375396728516, -84.7082748413086, -85.5044174194336, -84.64427185058594, -85.47074127197266, -84.5031509399414, -85.78832244873047, -84.76473236083984, -86.08853149414062, -84.9124755859375, -85.72506713867188, -84.41169738769531, -85.64176177978516, -84.92494201660156, -85.55704498291016, -84.88993835449219, -85.75786590576172, -84.9821548461914, -85.89641571044922, -85.00874328613281, -85.43746185302734, -84.47100067138672, -85.53433227539062, -84.42535400390625, -85.62157440185547, -84.44805908203125, -85.696044921875, -84.40817260742188, -85.24823760986328, -84.50617980957031, -85.2819595336914, -84.57219696044922, -85.64937591552734, -84.85401153564453, -84.96073913574219, -84.0891342163086, -85.63127899169922, -84.6257095336914, -85.58519744873047, -84.46331787109375, -85.64669799804688, -84.45648193359375, -85.58708190917969, -84.43938446044922, -84.81343841552734, -84.2257080078125, -85.43355560302734, -84.7449951171875, -85.16546630859375, -84.33329010009766, -85.1620101928711, -84.24273681640625, -85.26298522949219, -84.23743438720703, -85.45147705078125, -84.30430603027344, -85.42960357666016, -84.21104431152344, -85.41807556152344, -84.2458267211914, -85.26197814941406, -84.63894653320312, -85.08223724365234, -84.33645629882812, -85.36868286132812, -84.52302551269531, -85.51179504394531, -84.54366302490234, -85.07168579101562, -84.03089141845703, -85.61341094970703, -84.46808624267578, -85.46578216552734, -84.18869018554688, -85.2387466430664, -84.48275756835938, -85.52545166015625, -84.86940002441406, -85.47786712646484, -84.68375396728516, -85.20171356201172, -84.31886291503906, -85.84698486328125, -84.86534881591797, -85.81317901611328, -84.77230072021484, -85.8336181640625, -84.62395477294922, -85.64531707763672, -84.3367919921875, -85.87158966064453, -85.1225814819336, -85.85992431640625, -85.17549896240234, -85.69805908203125, -84.8991470336914, -86.15056610107422, -85.28070068359375, -85.85053253173828, -84.82184600830078, -86.10144805908203, -84.99807739257812, -86.11637878417969, -84.93217468261719, -86.67418670654297, -85.54253387451172, -85.89986419677734, -85.29399108886719, -86.24710845947266, -85.54835510253906, -86.1646728515625, -85.32001495361328, -86.3682632446289, -85.46353149414062, -86.20426177978516, -85.18196105957031, -86.61126708984375, -85.44458770751953, -86.66773986816406, -85.42032623291016, -86.27446746826172, -85.095947265625, -86.47498321533203, -85.86832427978516, -86.11331939697266, -85.3674087524414, -86.41883087158203, -85.59263610839844, -86.17162322998047, -85.2196273803711, -86.25701141357422, -85.19751739501953, -86.53741455078125, -85.37274932861328, -86.68921661376953, -85.43211364746094, -86.28849792480469, -85.54618072509766, -86.11602020263672, -85.43573760986328, -86.07477569580078, -85.33981323242188, -86.20637512207031, -85.30406951904297, -86.48875427246094, -85.51280212402344, -86.40727233886719, -85.32862854003906, -86.68647766113281, -85.49712371826172, -86.60648345947266, -85.2989501953125, -86.42703247070312, -85.69497680664062, -86.21629333496094, -85.54640197753906, -86.28260803222656, -85.52915954589844, -86.43035125732422, -85.53463745117188, -86.36759948730469, -85.37054443359375, -86.73920440673828, -85.65263366699219, -86.62843322753906, -85.42928314208984, -86.77793884277344, -85.6313705444336, -86.47736358642578, -85.87660217285156, -86.35208129882812, -85.61473083496094, -86.64649963378906, -85.88908386230469, -86.51002502441406, -85.57212829589844, -86.69624328613281, -85.67372131347656, -86.81192016601562, -85.66063690185547, -86.77690124511719, -85.5738525390625, -86.91130828857422, -85.79122161865234, -86.3992919921875, -85.77752685546875, -86.72382354736328, -86.00212860107422, -86.87887573242188, -86.06610107421875, -86.75373077392578, -85.79783630371094, -86.68107604980469, -85.6460189819336, -86.7728271484375, -85.64096069335938, -87.10685729980469, -85.85411834716797, -87.25736236572266, -86.52367401123047, -86.87303161621094, -86.2533187866211, -87.17356872558594, -86.38111877441406, -87.24903106689453, -86.38964080810547, -87.30609130859375, -86.31246185302734, -86.98278045654297, -85.91050720214844, -87.32703399658203, -86.17871856689453, -87.34105682373047, -86.04296112060547, -87.18986511230469, -86.4979476928711, -87.18974304199219, -86.49977111816406, -87.12892150878906, -86.34298706054688, -87.22959899902344, -86.34146881103516, -87.39398193359375, -86.37710571289062, -87.32557678222656, -86.23136901855469, -87.30415344238281, -86.09002685546875, -87.662109375, -86.59199523925781, -87.39675903320312, -86.80426025390625, -87.42791748046875, -86.71435546875, -87.2635269165039, -86.44711303710938, -87.6063461303711, -86.71662139892578, -87.43202209472656, -86.40348815917969, -87.77014923095703, -86.64618682861328, -87.5370864868164, -86.28319549560547, -87.75022888183594, -86.61024475097656, -86.9759750366211, -86.35735321044922, -87.02778625488281, -86.31948852539062, -87.37626647949219, -86.5283203125, -87.1015853881836, -86.15116119384766, -87.2478256225586, -86.17747497558594, -87.32341003417969, -86.19242858886719, -87.69619750976562, -86.4518051147461, -87.80970001220703, -87.13735961914062, -87.19408416748047, -86.52111053466797, -87.1688003540039, -86.41967010498047, -87.29969024658203, -86.44432067871094, -87.38308715820312, -86.4185562133789, -87.37303924560547, -86.28019714355469, -87.29414367675781, -86.10375213623047, -87.91791534423828, -86.61972045898438, -87.2966079711914, -86.5313491821289, -87.33690643310547, -86.70142364501953, -87.2988510131836, -86.51782989501953, -87.373046875, -86.4779052734375, -87.2550277709961, -86.2520980834961, -87.28534698486328, -86.21735382080078, -87.26725769042969, -86.07927703857422, -87.54218292236328, -86.41818237304688, -86.84822082519531, -86.26806640625, -87.2861557006836, -86.58110046386719, -87.65327453613281, -86.87820434570312, -87.59912109375, -86.7035140991211, -87.63409423828125, -86.64198303222656, -87.9288558959961, -86.81533813476562, -87.59530639648438, -86.35436248779297, -87.91260528564453, -86.79190063476562, -87.04244995117188, -86.45743560791016, -87.52167510986328, -86.82755279541016, -87.5865478515625, -86.77184295654297, -87.83255767822266, -86.87517547607422, -87.2818603515625, -86.22002410888672, -87.82259368896484, -86.6769027709961, -88.18522644042969, -86.91060638427734, -87.90662384033203, -87.19214630126953, -87.75277709960938, -87.09030151367188, -88.02751159667969, -87.34491729736328, -88.10379791259766, -87.21656799316406, -88.1581802368164, -87.19434356689453, -88.02301788330078, -86.9325942993164, -88.46492767333984, -87.32365417480469, -88.55867004394531, -87.30171966552734, -88.28717803955078, -87.5429916381836, -88.51819610595703, -87.8829345703125, -88.96980285644531, -88.22343444824219, -88.69817352294922, -87.7967758178711, -88.76872253417969, -87.81026458740234, -89.30215454101562, -88.23272705078125, -89.22502899169922, -88.04061889648438, -89.77095031738281, -88.6340560913086, -88.86930847167969, -88.30393981933594, -89.62322235107422, -88.93648529052734, -89.38215637207031, -88.57667541503906, -89.72869110107422, -88.89476013183594, -90.04588317871094, -89.09626770019531, -90.16350555419922, -89.02725982666016, -90.3019027709961, -89.09715270996094, -90.67808532714844, -89.58516693115234, -89.94689178466797, -89.36247253417969, -90.45196533203125, -89.78496551513672, -90.44711303710938, -89.66202545166016, -90.50406646728516, -89.612060546875, -90.80784606933594, -89.75112915039062, -90.55573272705078, -89.44305419921875, -90.93206024169922, -89.7178955078125, -90.8150863647461, -90.11901092529297, -90.83763885498047, -90.24352264404297, -90.48857116699219, -89.71245574951172, -91.04647827148438, -90.26146697998047, -90.97657775878906, -90.06937408447266, -90.84746551513672, -89.79581451416016, -90.77355194091797, -89.6082992553711, -91.3311996459961, -90.14325714111328, -90.97593688964844, -90.24706268310547, -90.98877716064453, -90.268798828125, -90.90235137939453, -90.18832397460938, -90.70577239990234, -89.82589721679688, -91.04369354248047, -90.12007904052734, -91.08150482177734, -90.03421020507812, -91.26033020019531, -90.09270477294922, -91.32778930664062, -90.25150299072266, -90.9136962890625, -90.34963989257812, -91.27652740478516, -90.57471466064453, -91.06553649902344, -90.30552673339844, -91.2727279663086, -90.34538269042969, -91.41079711914062, -90.43389129638672, -91.25712585449219, -90.2234115600586, -91.1944580078125, -90.03499603271484, -91.89636993408203, -90.83903503417969, -91.20049285888672, -90.5830078125, -91.23768615722656, -90.5491714477539, -91.9542236328125, -91.17041015625, -91.5657958984375, -90.66771697998047, -91.72197723388672, -90.76063537597656, -91.97483825683594, -90.79019927978516, -92.09046936035156, -90.90103149414062, -92.01246643066406, -91.35069274902344, -91.84669494628906, -91.27490234375, -92.3228530883789, -91.59424591064453, -92.17781066894531, -91.3265151977539, -92.22869110107422, -91.35054016113281, -92.47930145263672, -91.46124267578125, -92.69049835205078, -91.59781646728516, -92.72132873535156, -91.47439575195312, -92.67032623291016, -91.93028259277344, -92.2745361328125, -91.68384552001953, -92.78141784667969, -92.02719116210938, -92.91475677490234, -92.1279525756836, -92.83159637451172, -91.88018035888672, -93.2986068725586, -92.31221008300781, -92.69628143310547, -91.54963684082031, -93.2936782836914, -92.31857299804688, -93.02959442138672, -92.51055908203125, -93.06415557861328, -92.49835205078125, -93.05541229248047, -92.24610900878906, -93.23486328125, -92.38490295410156, -93.36456298828125, -92.50556182861328, -92.94505310058594, -91.88380432128906, -93.3019027709961, -92.1901626586914, -93.39520263671875, -92.34101867675781, -92.71830749511719, -92.1207504272461, -92.62104034423828, -91.95413208007812, -92.89519500732422, -92.12287139892578, -92.64297485351562, -91.75419616699219, -92.62092590332031, -91.67501831054688, -92.3995132446289, -91.22069549560547, -92.30197143554688, -91.09662628173828, -92.05427551269531, -91.38932037353516, -91.76661682128906, -91.13616180419922, -91.69304656982422, -90.99669647216797, -91.31153106689453, -90.48324584960938, -91.40240478515625, -90.51215362548828, -91.23145294189453, -90.22355651855469, -90.73583221435547, -89.57730865478516, -90.85478210449219, -89.56207275390625, -90.61589813232422, -89.8974609375, -89.9275131225586, -89.29362487792969, -89.85260009765625, -89.07002258300781, -90.15467071533203, -89.32147216796875, -89.48429870605469, -88.51117706298828, -89.70244598388672, -88.630126953125, -89.66110229492188, -88.48345184326172, -89.11082458496094, -87.95618438720703, -88.6605453491211, -88.08366394042969, -88.75318908691406, -88.01919555664062, -88.05501556396484, -87.22157287597656, -87.88983154296875, -87.01618957519531, -88.24425506591797, -87.25941467285156, -87.95821380615234, -86.86304473876953, -88.22887420654297, -86.98554229736328, -87.5520248413086, -86.38784790039062, -87.25965118408203, -86.65225982666016, -87.66216278076172, -86.91710662841797, -87.32927703857422, -86.46988677978516, -87.0285415649414, -86.06647491455078, -87.1755142211914, -86.16397094726562, -86.94286346435547, -85.79170989990234, -86.99353790283203, -85.76963806152344, -99.40975189208984, -101.3607177734375, -86.6474380493164, -85.91694641113281, -87.07719421386719, -86.3597640991211, -86.94824981689453, -86.0594253540039, -86.19070434570312, -85.20950317382812, -86.73971557617188, -85.7183837890625, -86.53881072998047, -85.38521575927734, -86.70423889160156, -85.39326477050781, -86.06721496582031, -85.30461120605469, -86.05325317382812, -85.35326385498047, -86.01179504394531, -85.24764251708984, -86.3262939453125, -85.45550537109375, -86.25663757324219, -85.26455688476562, -86.65501403808594, -85.56226348876953, -86.36088562011719, -85.17488861083984, -86.32772827148438, -85.0055923461914, -85.95281219482422, -85.15907287597656, -85.88871765136719, -85.18250274658203, -86.06027221679688, -85.24110412597656, -86.00387573242188, -85.10103607177734, -86.41131591796875, -85.38837432861328, -86.13843536376953, -85.02251434326172, -86.7238998413086, -85.46171569824219, -86.28323364257812, -85.12940216064453, -85.91900634765625, -85.32024383544922, -86.2548599243164, -85.52857971191406, -85.78653717041016, -84.96399688720703, -85.88689422607422, -84.96258544921875, -86.40531158447266, -85.38294982910156, -86.65884399414062, -85.52386474609375, -86.556396484375, -85.29341888427734, -87.05404663085938, -85.8990249633789, -86.3887939453125, -85.73846435546875, -86.70551300048828, -85.97045135498047, -86.57305908203125, -85.71785736083984, -86.8109130859375, -85.82614135742188, -86.751953125, -85.67742919921875, -86.94420623779297, -85.79126739501953, -87.50886535644531, -86.22412872314453, -87.0660400390625, -86.30072021484375, -87.07794189453125, -86.42584228515625, -87.65367889404297, -86.89678192138672, -87.34004211425781, -86.43783569335938, -87.94467163085938, -86.9903564453125, -87.8482437133789, -86.7374496459961, -88.15328979492188, -86.9776382446289, -88.33967590332031, -87.02445220947266, -88.62683868408203, -87.89176177978516, -88.30978393554688, -87.61516571044922, -88.55963134765625, -87.80210876464844, -88.65424346923828, -87.80216217041016, -89.26763153076172, -88.33555603027344, -89.2678451538086, -88.17582702636719, -89.70858001708984, -88.53292083740234, -89.8554458618164, -88.74082946777344, -89.8403091430664, -89.248046875, -90.08848571777344, -89.39570617675781, -90.4324951171875, -89.6055679321289, -90.75084686279297, -89.89385986328125, -90.96551513671875, -89.96522521972656, -91.17011260986328, -90.02531433105469, -91.20364379882812, -90.0631103515625, -91.84483337402344, -90.78233337402344, -92.14852142333984, -91.46878051757812, -92.27859497070312, -91.64085388183594, -92.7269515991211, -91.934814453125, -93.30016326904297, -92.39144134521484, -93.15951538085938, -92.1676025390625, -93.76183319091797, -92.71961975097656, -94.25267791748047, -93.09880828857422, -94.31010437011719, -93.6127700805664, -94.63465118408203, -94.03047943115234, -95.01669311523438, -94.26836395263672, -95.37290954589844, -94.69380950927734, -95.94502258300781, -95.07899475097656, -96.3866958618164, -95.45381927490234, -96.9407958984375, -95.87051391601562, -97.46717834472656, -96.50177764892578, -97.63976287841797, -97.06635284423828, -97.84154510498047, -97.41368103027344, -98.4524917602539, -97.85753631591797, -98.6347427368164, -98.18904876708984, -99.5958480834961, -98.96574401855469, -100.12995147705078, -99.3385009765625, -100.24723815917969, -99.73738861083984, -100.7339859008789, -100.2103500366211, -100.79407501220703, -100.58479309082031, -101.09149932861328, -100.84396362304688, -101.16938781738281, -100.77635955810547, -100.93559265136719, -100.5628890991211, -100.84253692626953, -100.32598114013672, -100.88275909423828, -100.2949447631836, -100.2636947631836, -99.82832336425781, -100.27362060546875, -99.53025817871094, -99.46692657470703, -99.07118225097656, -99.16272735595703, -98.61381530761719, -98.92341613769531, -98.47758483886719, -98.44515991210938, -97.73053741455078, -97.77228546142578, -96.86799621582031, -97.54574584960938, -96.62857818603516, -97.00273132324219, -95.92056274414062, -96.67189025878906, -96.13475799560547, -95.66923522949219, -95.03877258300781, -95.42402648925781, -94.76822662353516, -95.06812286376953, -94.245849609375, -94.90240478515625, -93.95221710205078, -94.64784240722656, -93.73014831542969, -94.51385498046875, -93.48177337646484, -94.08128356933594, -92.80367279052734, -93.60144805908203, -92.82386779785156, -93.08666229248047, -92.44026947021484, -93.20588684082031, -92.46247863769531, -93.153076171875, -92.31226348876953, -92.71548461914062, -91.76354217529297, -92.96379089355469, -91.85245513916016, -92.49979400634766, -91.37409973144531, -92.56851959228516, -91.42764282226562, -92.08113861083984, -91.50214385986328, -91.74529266357422, -91.07141876220703, -91.8565444946289, -91.05758666992188, -91.42183685302734, -90.5347900390625, -91.82148742675781, -90.81034088134766, -91.23558044433594, -90.06026458740234, -91.17000579833984, -89.91593933105469, -91.63025665283203, -90.4681396484375, -90.81332397460938, -90.095703125, -90.51940155029297, -89.80577850341797, -90.41185760498047, -89.63055419921875, -90.58634948730469, -89.66590881347656, -90.18238830566406, -89.08211517333984, -90.38870239257812, -89.26312255859375, -90.35334777832031, -89.10247039794922, -89.79456329345703, -89.0820541381836, -89.67401123046875, -89.04349517822266, -89.57808685302734, -88.82992553710938, -89.72620391845703, -88.83524322509766, -89.46388244628906, -88.47592163085938, -89.26934051513672, -88.17858123779297, -89.55033874511719, -88.3326416015625, -89.36263275146484, -88.07073211669922, -88.90966033935547, -88.20897674560547, -88.69872283935547, -88.02111053466797, -88.6675796508789, -87.88102722167969, -88.67655181884766, -87.77086639404297, -88.59029388427734, -87.61809539794922, -89.05014038085938, -87.92118072509766, -88.69992065429688, -87.4249496459961, -88.79855346679688, -87.68883514404297, -88.40911865234375, -87.77975463867188, -88.1461181640625, -87.43057250976562, -87.98388671875, -87.08306121826172, -87.89302825927734, -86.9671630859375, -88.03506469726562, -86.97932434082031, -87.97725677490234, -86.8400650024414, -87.92737579345703, -86.69731140136719, -87.8217544555664, -86.65502166748047, -87.42671203613281, -86.72044372558594, -87.45230865478516, -86.74690246582031, -87.44490051269531, -86.59060668945312, -87.4708023071289, -86.52703094482422, -87.71280670166016, -86.65482330322266, -87.53421020507812, -86.33284759521484, -87.40447998046875, -86.14106750488281, -87.25152587890625, -86.53147888183594, -87.11311340332031, -86.45417785644531, -87.19711303710938, -86.40827178955078, -86.93859100341797, -86.04462432861328, -87.33414459228516, -86.3768310546875, -87.42060089111328, -86.3336181640625, -87.5180892944336, -86.34610748291016, -87.45480346679688, -86.14480590820312, -87.369140625, -86.61068725585938, -87.17323303222656, -86.4539794921875, -87.25736999511719, -86.46871948242188, -87.46646881103516, -86.59919738769531, -87.24553680419922, -86.20913696289062, -87.3696060180664, -86.27423858642578, -87.40157318115234, -86.1788558959961, -87.34952545166016, -86.212158203125, -87.0840072631836, -86.46913146972656, -87.37742614746094, -86.65797424316406, -87.36431884765625, -86.5721435546875, -87.63597869873047, -86.73748779296875, -87.85639190673828, -86.81562042236328, -87.6968002319336, -86.5620346069336, -88.00588989257812, -86.78729248046875, -87.91191864013672, -86.72828674316406, -87.47396087646484, -86.78316497802734, -88.11079406738281, -87.37105560302734, -87.82254028320312, -86.97795867919922, -88.13513946533203, -87.19038391113281, -87.84284210205078, -86.72823333740234, -88.11070251464844, -86.97249603271484, -88.05815124511719, -86.78300476074219, -87.96300506591797, -87.23053741455078, -87.83551025390625, -87.17703247070312, -87.89393615722656, -87.14080047607422, -87.9870834350586, -87.07595825195312, -88.1869888305664, -87.20433044433594, -88.45598602294922, -87.38429260253906, -88.06237030029297, -86.84742736816406, -88.36875915527344, -87.10540008544922, -87.71611022949219, -86.94990539550781, -87.63378143310547, -86.96537780761719, -87.88907623291016, -87.09939575195312, -88.0165786743164, -87.15677642822266, -87.89380645751953, -86.9012680053711, -87.90293884277344, -86.7899169921875, -88.00482940673828, -86.77140045166016, -87.8505859375, -86.72708892822266, -87.4295425415039, -86.82005310058594, -87.63275146484375, -86.90632629394531, -87.64665222167969, -86.8371810913086, -87.85391235351562, -86.92816925048828, -87.59844207763672, -86.5871353149414, -87.62614440917969, -86.4433822631836, -87.89012145996094, -86.6540756225586, -87.9268569946289, -86.74451446533203, -87.37901306152344, -86.70391082763672, -87.38743591308594, -86.61167907714844, -87.30644989013672, -86.46372985839844, -87.18684387207031, -86.22154998779297, -87.57443237304688, -86.56782531738281, -87.77149963378906, -86.57877349853516, -87.62323760986328, -86.35832214355469, -87.34356689453125, -86.59822082519531, -87.69869995117188, -87.0576400756836, -87.31272888183594, -86.54031372070312, -87.35821533203125, -86.46092224121094, -87.58383178710938, -86.59764862060547, -87.71489715576172, -86.58927917480469, -87.88896179199219, -86.65641784667969, -87.69004821777344, -86.43309020996094, -87.43618774414062, -86.70271301269531, -87.29792022705078, -86.62694549560547, -87.3223648071289, -86.493408203125, -87.6578369140625, -86.77963256835938, -87.31507110595703, -86.29964447021484, -87.56442260742188, -86.42671203613281, -87.61737060546875, -86.42528533935547, -87.96022033691406, -86.82953643798828, -87.47295379638672, -86.84249877929688, -87.7086181640625, -86.9994888305664, -87.62132263183594, -86.78119659423828, -87.74889373779297, -86.79559326171875, -87.56161499023438, -86.53540802001953, -88.02530670166016, -86.88834381103516, -87.89765930175781, -86.63955688476562, -88.07935333251953, -86.94184112548828, -87.72606658935547, -87.08411407470703, -88.16233825683594, -87.45767974853516, -88.43592834472656, -87.59342956542969, -88.30004119873047, -87.36470794677734, -88.33718872070312, -87.27970123291016, -88.75053405761719, -87.61272430419922, -88.6983871459961, -87.38920593261719, -88.573486328125, -87.84905242919922, -88.54749298095703, -87.93984985351562, -88.51099395751953, -87.75544738769531, -88.70063781738281, -87.87518310546875, -88.8909683227539, -87.92353057861328, -88.95189666748047, -87.89913177490234, -89.35025787353516, -88.13864135742188, -89.5618667602539, -88.25775146484375, -89.4350814819336, -88.66944122314453, -89.23715209960938, -88.56111907958984, -89.45751953125, -88.67424774169922, -89.14899444580078, -88.2063217163086, -89.38975524902344, -88.44159698486328, -89.6015396118164, -88.50934600830078, -89.9608383178711, -88.75243377685547, -90.12464141845703, -89.00994110107422, -89.7577896118164, -89.15530395507812, -89.95270538330078, -89.26364135742188, -89.97132110595703, -89.19583892822266, -89.97716522216797, -89.06005096435547, -90.42997741699219, -89.43849182128906, -90.0384750366211, -88.91415405273438, -90.26777648925781, -89.00296783447266, -89.9134521484375, -88.78298950195312, -90.05938720703125, -89.42805480957031, -89.70079803466797, -88.94242095947266, -89.63765716552734, -88.82456970214844, -89.6883316040039, -88.76506042480469, -89.94074249267578, -88.93086242675781, -90.1087875366211, -88.97367095947266, -89.72554016113281, -88.41476440429688, -89.52533721923828, -88.77261352539062, -89.03694152832031, -88.34846496582031, -89.3027572631836, -88.5451889038086, -88.99724578857422, -88.17337799072266, -88.77732849121094, -87.83956909179688, -89.04431915283203, -87.96097564697266, -88.77479553222656, -87.55703735351562, -88.66290283203125, -87.3670425415039, -88.46253204345703, -87.689453125, -87.81977081298828, -87.1524658203125, -88.07197570800781, -87.27447509765625, -87.74559783935547, -86.84318542480469, -88.01180267333984, -87.04692840576172, -87.75806427001953, -86.65242767333984, -87.2403335571289, -85.98350524902344, -87.45594787597656, -86.345947265625, -87.13080596923828, -86.51287078857422, -86.81924438476562, -86.09757232666016, -86.7619400024414, -85.93708801269531, -86.74347686767578, -85.80364227294922, -86.47879028320312, -85.45105743408203, -86.39081573486328, -85.23100280761719, -86.19586181640625, -84.92901611328125, -86.56996154785156, -85.41392517089844, -85.8072280883789, -85.194091796875, -85.90599060058594, -85.1682357788086, -85.74383544921875, -84.85684967041016, -85.83919525146484, -84.88862609863281, -85.82423400878906, -84.74137115478516, -85.74989318847656, -84.58984375, -85.72306823730469, -84.43289947509766, -85.07048797607422, -84.31172180175781, -85.15968322753906, -84.51026153564453, -85.35652923583984, -84.61119079589844, -85.06745147705078, -84.13735961914062, -85.2139892578125, -84.25431823730469, -85.09342193603516, -83.97393035888672, -85.40802764892578, -84.19186401367188, -85.14765930175781, -83.82818603515625, -85.23076629638672, -84.481201171875, -84.89691925048828, -84.1945571899414, -85.18124389648438, -84.35900115966797, -85.08753967285156, -84.17987823486328, -84.85969543457031, -83.8468017578125, -85.05197143554688, -83.92073059082031, -85.08771514892578, -83.85804748535156, -85.44444274902344, -84.3438720703125, -84.62380981445312, -84.00811767578125, -84.83387756347656, -84.1032943725586, -84.92008972167969, -84.11839294433594, -85.1473617553711, -84.209716796875, -85.00377655029297, -83.95136260986328, -85.34820556640625, -84.18862915039062, -85.24097442626953, -83.98613739013672, -85.33316040039062, -84.15502166748047, -84.825927734375, -84.20947265625, -84.80769348144531, -84.05179595947266, -85.02481842041016, -84.177001953125, -85.21443939208984, -84.24838256835938, -85.62051391601562, -84.56645965576172, -85.3972396850586, -84.1689453125, -85.47376251220703, -84.2378921508789, -85.31890869140625, -84.58222961425781, -85.19596862792969, -84.52310180664062, -85.08965301513672, -84.29169464111328, -85.4613265991211, -84.59906768798828, -85.35519409179688, -84.34969329833984, -85.77661895751953, -84.71170806884766, -85.72320556640625, -84.49522399902344, -85.76211547851562, -84.44072723388672, -85.9722900390625, -85.2313003540039, -85.72783660888672, -85.04932403564453, -86.0414810180664, -85.23878479003906, -85.98127746582031, -85.09672546386719, -86.34751892089844, -85.3437271118164, -86.65998840332031, -85.56318664550781, -86.77399444580078, -85.5563735961914, -86.82568359375, -85.6855239868164, -86.7289047241211, -86.17316436767578, -86.77872467041016, -86.0514907836914, -87.00740814208984, -86.20989227294922, -87.26708984375, -86.33197784423828, -87.47254180908203, -86.46589660644531, -87.79043579101562, -86.6777572631836, -87.83856201171875, -86.57623291015625, -88.39582824707031, -87.28129577636719, -88.01658630371094, -87.35311889648438, -87.95454406738281, -87.23313903808594, -88.32137298583984, -87.46271514892578, -88.41339111328125, -87.49059295654297, -88.90534973144531, -87.8636474609375, -88.6329574584961, -87.41476440429688, -88.95193481445312, -87.73193359375, -88.97050476074219, -88.23616027832031, -89.0725326538086, -88.49465942382812, -89.52457427978516, -88.79847717285156, -89.48723602294922, -88.59199523925781, -89.76101684570312, -88.837158203125, -89.80155944824219, -88.72960662841797, -89.86322021484375, -88.6986083984375, -90.1878890991211, -88.96573638916016, -90.3580322265625, -89.6093978881836, -89.96453857421875, -89.31829071044922, -90.24000549316406, -89.46810913085938, -90.19094848632812, -89.32186889648438, -90.55590057373047, -89.57015991210938, -90.52737426757812, -89.42989349365234, -90.70790100097656, -89.5327377319336, -90.46886444091797, -89.34703826904297, -90.36717987060547, -89.8223648071289, -90.58422088623047, -89.8753890991211, -90.42858123779297, -89.63347625732422, -90.4356918334961, -89.5262451171875, -90.65838623046875, -89.7093505859375, -101.57332611083984, -102.99173736572266, -103.02803039550781, -103.03840637207031, -103.12812042236328, -103.03402709960938, -103.08628845214844, -102.98916625976562, -103.17105865478516, -103.13538360595703, -103.15217590332031, -103.01226806640625, -103.17407989501953, -103.2256088256836, -103.2409439086914, -103.16817474365234, -102.93619537353516, -102.85004425048828, -102.96554565429688, -103.35346984863281, -103.08061218261719, -102.93938446044922, -103.0262222290039, -103.01126098632812, -103.10726165771484, -103.17192077636719, -102.93069458007812, -103.06853485107422, -103.00215148925781, -103.22331237792969, -103.2037124633789, -102.95133209228516, -102.99834442138672, -103.12108612060547, -102.7070083618164, -102.56014251708984, -102.9386978149414, -103.08258819580078, -103.03300476074219, -103.14851379394531, -103.14622497558594, -102.90776824951172, -103.0352783203125, -102.9834213256836, -103.10059356689453, -103.00955963134766, -103.13420867919922, -103.2110366821289, -103.29058837890625, -103.28934478759766, -103.15667724609375, -103.1098403930664, -103.07542419433594, -102.95101928710938, -103.05635070800781, -102.94357299804688, -103.13147735595703, -103.21147155761719, -103.09539031982422, -102.88639831542969, -102.95767974853516, -103.00997161865234, -103.22605895996094, -103.01346588134766, -103.06819915771484, -103.1395492553711, -103.07942962646484, -103.28617095947266, -103.05146026611328, -103.0670166015625, -103.03331756591797, -103.34910583496094, -103.58000183105469, -103.25696563720703, -103.1361312866211, -103.10308074951172, -102.91246795654297, -103.0124282836914, -103.08824920654297, -103.21116638183594, -103.03490447998047, -103.0602798461914, -103.0914535522461, -102.93799591064453, -102.76056671142578, -102.8050765991211, -102.87210083007812, -102.93319702148438, -103.01557922363281, -103.11351013183594, -103.18240356445312, -102.8075180053711, -102.89307403564453, -102.84101867675781, -103.08657836914062, -103.04591369628906, -103.40278625488281, -103.2189712524414, -103.15239715576172, -103.18669891357422, -103.0103988647461, -102.83894348144531, -103.14403533935547, -103.04424285888672, -102.87890625, -102.85836791992188, -102.9501724243164, -103.22212219238281, -103.05007934570312, -102.833251953125, -102.86902618408203, -102.96251678466797, -103.08857727050781, -103.1501235961914, -103.04678344726562, -102.9111328125, -103.14857482910156, -103.21345520019531, -102.89940643310547, -103.0625, -103.33951568603516, -103.04698944091797, -103.2558364868164, -103.28298950195312, -103.24665832519531, -103.14517974853516, -103.21554565429688, -103.01777648925781, -102.91145324707031, -102.81626892089844, -102.88877868652344, -103.04033660888672, -103.11769104003906, -103.11618041992188, -103.10516357421875, -103.18656921386719, -103.10991668701172, -103.30423736572266, -103.21363067626953, -103.15577697753906, -103.2184066772461, -103.21614837646484, -103.02313232421875, -102.88471984863281, -103.16080474853516, -103.29998779296875, -102.96764373779297, -102.94747924804688, -103.01795196533203, -103.01513671875, -102.86414337158203, -103.03909301757812, -103.31144714355469, -103.4598617553711, -103.2685775756836, -102.97174072265625, -103.02301788330078, -103.09344482421875, -103.25801086425781, -103.05217742919922, -103.07906341552734, -103.44076538085938, -103.19847106933594, -102.88390350341797, -102.9387435913086, -103.00517272949219, -103.1151351928711, -103.172607421875, -103.0171890258789, -102.81453704833984, -102.9029769897461, -102.93992614746094, -103.053466796875, -102.94834899902344, -102.73407745361328, -102.98818969726562, -103.29630279541016, -103.16856384277344, -103.23596954345703, -103.13585662841797, -103.16925048828125, -103.12395477294922, -103.03667449951172, -103.0121841430664, -103.02617645263672, -103.13108825683594, -102.93498992919922, -103.09185028076172, -103.20081329345703, -102.96260833740234, -102.9119873046875, -102.9482650756836, -103.15645599365234, -103.2223129272461, -103.14862823486328, -103.27999877929688, -103.24564361572266, -103.05905151367188, -103.07151794433594, -103.10977935791016, -103.03120422363281, -103.2146224975586, -103.23116302490234, -103.14215850830078, -103.07830047607422, -103.0306625366211, -103.11905670166016, -102.9147720336914, -103.0893325805664, -103.05978393554688, -103.06417846679688, -102.97857666015625, -103.23120880126953, -103.1379165649414, -103.05318450927734, -102.94883728027344, -103.02913665771484, -103.13542175292969, -102.95179748535156, -103.11775207519531, -102.9688720703125, -103.0684585571289, -103.11709594726562];
200004;0x7000700070007000700070007000700070007000700070007000700070007000;-84.63972999554707;-71.05198455669904;21.03453827490834;3.55;3.98;4.44668888888889;1.31;3.283611111111111;7.02;[-102.74918365478516, -102.63871002197266, -102.68457794189453, -102.81436157226562, -102.93276977539062, -103.05052185058594, -102.4837646484375, -102.90324401855469, -102.70082092285156, -102.73300170898438, -102.71334838867188, -103.10465240478516, -102.89735412597656, -102.6524887084961, -102.53628540039062, -102.51868438720703, -102.56379699707031, -102.9938735961914, -103.02324676513672, -102.58978271484375, -102.6632308959961, -102.81454467773438, -102.807861328125, -102.83876037597656, -102.48764038085938, -102.82232666015625, -102.8496322631836, -102.70526885986328, -102.93661499023438, -103.01766204833984, -102.91802978515625, -102.57013702392578, -102.61833190917969, -102.4853286743164, -102.66863250732422, -102.63449096679688, -102.58172607421875, -102.7262191772461, -102.89728546142578, -102.82595825195312, -102.67082214355469, -102.64431762695312, -102.46773529052734, -102.64839935302734, -102.53038024902344, -102.70880126953125, -102.93646240234375, -102.67816162109375, -102.41130065917969, -102.64630889892578, -102.8039779663086, -102.6719741821289, -102.67601013183594, -102.49424743652344, -102.34282684326172, -102.84781646728516, -102.61680603027344, -102.56682586669922, -102.2933349609375, -102.48164367675781, -102.25239562988281, -102.67005157470703, -102.63008880615234, -102.3733901977539, -102.18836212158203, -102.72733306884766, -103.03722381591797, -102.7184829711914, -102.4730453491211, -102.30874633789062, -102.40554809570312, -102.8493423461914, -102.72582244873047, -102.40760803222656, -102.38858032226562, -102.65684509277344, -102.66951751708984, -102.54456329345703, -102.33575439453125, -102.88059997558594, -103.07737731933594, -102.66597747802734, -102.37873840332031, -102.58102416992188, -102.71670532226562, -102.49108123779297, -102.31269073486328, -102.86132049560547, -102.89077758789062, -102.89554595947266, -102.87991333007812, -102.72852325439453, -102.603759765625, -102.6023178100586, -102.5107421875, -102.84449005126953, -102.8606948852539, -102.66001892089844, -102.55998992919922, -102.68717956542969, -102.5922622680664, -102.65589904785156, -102.93928527832031, -103.0716552734375, -102.93730926513672, -102.99922180175781, -102.90210723876953, -102.71537017822266, -102.66631317138672, -102.70699310302734, -102.58805084228516, -101.86629486083984, -101.85211181640625, -102.80431365966797, -102.75047302246094, -102.79830932617188, -103.05352020263672, -103.04801940917969, -102.77101135253906, -102.70233917236328, -102.77851867675781, -102.82198333740234, -102.66670227050781, -102.86274719238281, -102.5972900390625, -102.83951568603516, -102.8194808959961, -102.93759155273438, -102.77216339111328, -102.78257751464844, -102.68584442138672, -102.99295806884766, -102.8339614868164, -102.83806610107422, -102.70024871826172, -102.80438995361328, -102.7080307006836, -102.64463806152344, -102.70426177978516, -102.7919692993164, -102.77523040771484, -102.80655670166016, -102.81621551513672, -102.58464050292969, -102.81822967529297, -102.3537368774414, -102.2856674194336, -102.42169189453125, -102.4936752319336, -102.89437866210938, -102.75907897949219, -102.6478500366211, -102.56715393066406, -102.80419158935547, -102.76033782958984, -102.46934509277344, -102.48575592041016, -102.67803955078125, -102.89118957519531, -103.0343017578125, -102.9709701538086, -102.9285659790039, -102.85108184814453, -102.96195983886719, -102.93537139892578, -102.5607681274414, -102.65570068359375, -102.79651641845703, -102.86761474609375, -103.04600524902344, -102.88796997070312, -102.73895263671875, -102.9421157836914, -102.77227783203125, -102.94963073730469, -102.72333526611328, -102.85614013671875, -102.87921905517578, -102.68304443359375, -103.21866607666016, -102.91832733154297, -102.84248352050781, -102.51984405517578, -102.89180755615234, -103.08052062988281, -103.1418685913086, -103.08068084716797, -102.81623840332031, -102.75049591064453, -102.77828216552734, -102.84844207763672, -102.72766876220703, -102.59950256347656, -102.86373901367188, -102.74022674560547, -102.94188690185547, -103.09209442138672, -102.99221801757812, -102.82391357421875, -102.75933074951172, -102.98233032226562, -103.106689453125, -102.87257385253906, -102.64417266845703, -102.50776672363281, -102.8885498046875, -102.75725555419922, -102.56072235107422, -102.6685562133789, -102.93347930908203, -103.21016693115234, -102.98725891113281, -102.93209075927734, -103.16471099853516, -103.08988189697266, -102.94163513183594, -103.0621109008789, -102.42344665527344, -102.51204681396484, -102.8692855834961, -102.68492126464844, -102.98384857177734, -100.77884674072266, -85.48175048828125, -84.50402069091797, -85.94963836669922, -84.98637390136719, -85.95893859863281, -84.89907836914062, -85.69107818603516, -84.48979187011719, -85.49028015136719, -84.19404602050781, -85.30610656738281, -84.55049133300781, -85.43919372558594, -84.76927947998047, -85.71402740478516, -84.90137481689453, -85.65283966064453, -84.78343963623047, -85.38664245605469, -84.3891830444336, -85.5675277709961, -84.47697448730469, -85.7919692993164, -84.60286712646484, -85.8255615234375, -84.64087677001953, -84.97945404052734, -84.40502166748047, -85.15311431884766, -84.4371109008789, -85.01177978515625, -84.19266510009766, -84.80143737792969, -83.86682891845703, -84.9872055053711, -83.94615173339844, -85.01561737060547, -83.84873962402344, -85.1933822631836, -83.96662139892578, -85.19331359863281, -84.01563262939453, -84.89595031738281, -84.2536392211914, -84.69912719726562, -83.94967651367188, -85.17137908935547, -84.32782745361328, -84.53700256347656, -83.56432342529297, -84.73016357421875, -83.67706298828125, -85.07283782958984, -83.8780746459961, -84.79207611083984, -83.5184097290039, -84.87445831298828, -84.1646728515625, -84.37542724609375, -83.68607330322266, -84.38480377197266, -83.66224670410156, -84.62821960449219, -83.73739624023438, -84.57403564453125, -83.60955047607422, -84.49293518066406, -83.42041778564453, -84.297607421875, -83.10481262207031, -84.6081771850586, -83.32711791992188, -84.3813247680664, -83.60389709472656, -84.15889739990234, -83.45398712158203, -83.96867370605469, -83.1499252319336, -83.7414321899414, -82.8617935180664, -83.86122131347656, -82.83187866210938, -84.03634643554688, -82.94007873535156, -84.26150512695312, -83.02739715576172, -83.95550537109375, -82.84620666503906, -83.6518325805664, -83.02287292480469, -83.57125854492188, -82.87543487548828, -83.56702423095703, -82.74537658691406, -83.62590026855469, -82.68447875976562, -83.46682739257812, -82.42645263671875, -83.21300506591797, -82.05936431884766, -83.23644256591797, -81.9734878540039, -83.48262023925781, -82.32959747314453, -83.13973999023438, -82.5004653930664, -82.94229125976562, -82.200927734375, -83.08206939697266, -82.23899841308594, -83.1716537475586, -82.23350524902344, -82.9674301147461, -81.87330627441406, -82.95050811767578, -81.77714538574219, -83.07504272460938, -81.8021469116211, -82.4569091796875, -81.70194244384766, -82.3751449584961, -81.7282485961914, -82.47115325927734, -81.69623565673828, -82.51497650146484, -81.6202163696289, -82.64193725585938, -81.66349792480469, -82.75981140136719, -81.65814971923828, -82.5347671508789, -81.31365966796875, -82.38912963867188, -81.07373809814453, -82.49370574951172, -81.74974060058594, -82.22700500488281, -81.54666137695312, -82.06890869140625, -81.25981903076172, -82.353515625, -81.46992492675781, -82.16204833984375, -81.16361236572266, -82.0912094116211, -80.95975494384766, -82.19966888427734, -81.00190734863281, -82.6794662475586, -81.52783203125, -82.02059173583984, -81.42384338378906, -81.9412841796875, -81.2286605834961, -82.28939056396484, -81.474609375, -82.41253662109375, -81.4898452758789, -82.35025787353516, -81.27644348144531, -82.19807434082031, -81.06584167480469, -82.49319458007812, -81.2626953125, -82.78771209716797, -81.64191436767578, -82.12310028076172, -81.51457977294922, -82.19806671142578, -81.45510864257812, -82.50155639648438, -81.65095520019531, -82.48278045654297, -81.52686309814453, -82.58890533447266, -81.51408386230469, -82.70195770263672, -81.53155517578125, -82.91224670410156, -81.63459014892578, -82.82177734375, -82.11074829101562, -82.67091369628906, -81.98895263671875, -82.71415710449219, -81.93976593017578, -82.82788848876953, -81.94841003417969, -82.97209930419922, -81.98746490478516, -83.11893463134766, -82.02018737792969, -82.99396514892578, -81.78765106201172, -83.72035217285156, -82.42963409423828, -83.40728759765625, -82.6202392578125, -83.0779037475586, -82.39498901367188, -83.62732696533203, -82.84053802490234, -83.50318145751953, -82.58477783203125, -83.56780242919922, -82.55125427246094, -83.58130645751953, -82.48998260498047, -83.74760437011719, -82.53355407714844, -83.898681640625, -82.76826477050781, -83.52920532226562, -82.92979431152344, -83.99244689941406, -83.29100036621094, -84.03860473632812, -83.20877838134766, -84.11392211914062, -83.17644500732422, -84.24557495117188, -83.21142578125, -84.22594451904297, -83.07933044433594, -84.43855285644531, -83.21128845214844, -84.2537612915039, -83.12525177001953, -84.28345489501953, -83.63187408447266, -84.14411163330078, -83.39558410644531, -84.2002944946289, -83.36306762695312, -84.20612335205078, -83.25728607177734, -84.53861236572266, -83.5146255493164, -84.82201385498047, -83.64606475830078, -84.471923828125, -83.17821502685547, -84.34523010253906, -83.6206283569336, -84.24967193603516, -83.59647369384766, -84.44755554199219, -83.69886779785156, -84.66656494140625, -83.81781005859375, -84.27481079101562, -83.27294158935547, -84.31915283203125, -83.24858856201172, -84.4705810546875, -83.28282165527344, -84.50381469726562, -83.19636535644531, -84.09574890136719, -83.32076263427734, -84.14700317382812, -83.46746826171875, -84.56136322021484, -83.7599868774414, -83.859375, -82.96879577636719, -84.48661041259766, -83.46446990966797, -84.43310546875, -83.30538177490234, -84.48292541503906, -83.28202819824219, -84.4449691772461, -83.31653594970703, -83.68890380859375, -83.07539367675781, -84.33001708984375, -83.63008880615234, -84.0676498413086, -83.21648406982422, -84.10833740234375, -83.17284393310547, -84.20796966552734, -83.18956756591797, -84.40461730957031, -83.25992584228516, -84.30615997314453, -83.06842803955078, -84.30699920654297, -83.1467056274414, -84.1184310913086, -83.49795532226562, -83.93836975097656, -83.22317504882812, -84.26630401611328, -83.42281341552734, -84.35006713867188, -83.36824035644531, -83.95655059814453, -82.88370513916016, -84.50775146484375, -83.35201263427734, -84.2542724609375, -83.00446319580078, -83.98906707763672, -83.29978942871094, -84.4149398803711, -83.76184844970703, -84.31137084960938, -83.52469635009766, -83.9617919921875, -83.09376525878906, -84.61306762695312, -83.65145874023438, -84.6582260131836, -83.56239318847656, -84.57134246826172, -83.40596008300781, -84.40708923339844, -83.1202392578125, -84.65188598632812, -83.90869903564453, -84.54126739501953, -83.88861083984375, -84.43083953857422, -83.63921356201172, -84.85404205322266, -83.96138000488281, -84.57621765136719, -83.58113098144531, -84.85343933105469, -83.75096130371094, -84.88493347167969, -83.64588165283203, -85.41512298583984, -84.29043579101562, -84.55503845214844, -83.96082305908203, -84.91263580322266, -84.20140838623047, -84.85124206542969, -84.0730972290039, -85.03914642333984, -84.1129150390625, -84.88236999511719, -83.86320495605469, -85.22338104248047, -84.07334899902344, -85.309326171875, -84.06473541259766, -84.89835357666016, -83.69678497314453, -85.11235046386719, -84.49501037597656, -84.7618408203125, -84.0109634399414, -85.03005981445312, -84.21632385253906, -84.73433685302734, -83.7900390625, -84.82443237304688, -83.77703857421875, -85.06222534179688, -83.92674255371094, -85.24142456054688, -83.99732971191406, -84.84725189208984, -84.14825439453125, -84.66319274902344, -84.0112533569336, -84.64725494384766, -83.89173126220703, -84.69789123535156, -83.79833984375, -85.00624084472656, -84.07403564453125, -84.92304229736328, -83.82339477539062, -85.14408874511719, -83.9471206665039, -85.0364990234375, -83.75235748291016, -84.90935516357422, -84.1816635131836, -84.68705749511719, -84.01197814941406, -84.74653625488281, -83.9557113647461, -84.84660339355469, -83.94513702392578, -84.85423278808594, -83.84809875488281, -85.12998962402344, -84.04881286621094, -85.02196502685547, -83.8035659790039, -85.146484375, -84.02214050292969, -84.87838745117188, -84.27912902832031, -84.80313873291016, -84.09199523925781, -84.98690795898438, -84.16455078125, -84.81426239013672, -83.90332794189453, -85.013916015625, -84.00825500488281, -85.1615219116211, -84.03437042236328, -85.0848159790039, -83.82933807373047, -85.1958999633789, -84.0554428100586, -84.70040130615234, -84.08248138427734, -84.95243072509766, -84.23493957519531, -85.18421173095703, -84.353515625, -85.03003692626953, -84.06108093261719, -85.00386047363281, -83.94146728515625, -85.00501251220703, -83.8419418334961, -85.29287719726562, -84.04096984863281, -85.44226837158203, -84.72611236572266, -85.08456420898438, -84.43637084960938, -85.32721710205078, -84.57875061035156, -85.40699005126953, -84.5566635131836, -85.48009490966797, -84.51683044433594, -85.2368392944336, -84.1392822265625, -85.57150268554688, -84.37698364257812, -85.5900650024414, -84.2938461303711, -85.43182373046875, -84.67575073242188, -85.3685302734375, -84.70708465576172, -85.33370208740234, -84.53111267089844, -85.43645477294922, -84.5360336303711, -85.55643463134766, -84.57913970947266, -85.54584503173828, -84.4283676147461, -85.56146240234375, -84.34086608886719, -85.95421600341797, -84.83876037597656, -85.60669708251953, -85.01303100585938, -85.6918716430664, -84.960693359375, -85.56964874267578, -84.75177001953125, -85.88740539550781, -85.010009765625, -85.71121978759766, -84.66279602050781, -86.05143737792969, -84.91849517822266, -85.8442611694336, -84.59732055664062, -86.00739288330078, -84.86375427246094, -85.31407928466797, -84.68074035644531, -85.36669921875, -84.66290283203125, -85.6948013305664, -84.8602294921875, -85.40005493164062, -84.45772552490234, -85.60127258300781, -84.54132843017578, -85.601318359375, -84.45262145996094, -86.02413940429688, -84.78762817382812, -86.2272720336914, -85.51384735107422, -85.50347900390625, -84.84588623046875, -85.54215240478516, -84.78263854980469, -85.68423461914062, -84.81289672851562, -85.7378158569336, -84.75167083740234, -85.76724243164062, -84.70121002197266, -85.65040588378906, -84.45352935791016, -86.27189636230469, -84.98883056640625, -85.65191650390625, -84.93294525146484, -85.85554504394531, -85.19185638427734, -85.72566223144531, -84.91470336914062, -85.82081604003906, -84.92290496826172, -85.67449188232422, -84.63441467285156, -85.73185729980469, -84.6316146850586, -85.69576263427734, -84.47114562988281, -85.96800231933594, -84.84427642822266, -85.25899505615234, -84.66096496582031, -85.76400756835938, -85.06130981445312, -86.0679931640625, -85.2558822631836, -85.97896575927734, -85.0499496459961, -86.03515625, -85.02560424804688, -86.3094253540039, -85.2100830078125, -86.01431274414062, -84.75747680664062, -86.35621643066406, -85.19874572753906, -85.47477722167969, -84.87252044677734, -85.8847885131836, -85.18352508544922, -85.9707260131836, -85.12999725341797, -86.10932922363281, -85.16680145263672, -85.6775894165039, -84.59046936035156, -86.07379913330078, -84.95931243896484, -86.50629425048828, -85.22085571289062, -86.18714141845703, -85.44505310058594, -85.9718246459961, -85.32357788085938, -86.30470275878906, -85.52399444580078, -86.3294677734375, -85.4537124633789, -86.38528442382812, -85.3880844116211, -86.23644256591797, -85.16820526123047, -86.65874481201172, -85.47776794433594, -86.77156829833984, -85.4850082397461, -86.45800018310547, -85.70161437988281, -86.73185729980469, -86.12047576904297, -87.1722183227539, -86.36985778808594, -86.83824157714844, -85.93374633789062, -86.83356475830078, -85.86109161376953, -87.41683197021484, -86.32088470458984, -87.38018798828125, -86.16194152832031, -87.87032318115234, -86.77999877929688, -86.96995544433594, -86.36870574951172, -87.677001953125, -86.988037109375, -87.5384521484375, -86.72754669189453, -87.8547592163086, -87.01838684082031, -88.25413513183594, -87.25239562988281, -88.275390625, -87.17448425292969, -88.41871643066406, -87.18135833740234, -88.84248352050781, -87.71135711669922, -88.16065979003906, -87.50694274902344, -88.51107788085938, -87.77967834472656, -88.5798568725586, -87.78707122802734, -88.73616027832031, -87.8084945678711, -89.04329681396484, -88.05772399902344, -88.91019439697266, -87.76710510253906, -89.2832260131836, -88.0380630493164, -89.19023895263672, -88.4474105834961, -89.28755950927734, -88.67823028564453, -88.93683624267578, -88.16820526123047, -89.62299346923828, -88.7723159790039, -89.465087890625, -88.51757049560547, -89.39266204833984, -88.30049896240234, -89.33403778076172, -88.23198699951172, -89.90894317626953, -88.69854736328125, -89.56128692626953, -88.7936782836914, -89.62504577636719, -88.978759765625, -89.55511474609375, -88.81977844238281, -89.32090759277344, -88.43397521972656, -89.72906494140625, -88.80314636230469, -89.93209838867188, -88.81536102294922, -89.95330810546875, -88.77623748779297, -89.9923324584961, -88.90503692626953, -89.65447998046875, -89.04917907714844, -89.96625518798828, -89.30734252929688, -89.76301574707031, -88.98778533935547, -90.09685516357422, -89.24497985839844, -90.20306396484375, -89.2513198852539, -89.94761657714844, -88.83724975585938, -89.88215637207031, -88.69523620605469, -90.70809173583984, -89.57315826416016, -89.93871307373047, -89.32601928710938, -89.91930389404297, -89.20907592773438, -90.56334686279297, -89.74076843261719, -90.25436401367188, -89.3249740600586, -90.39275360107422, -89.37480926513672, -90.64807891845703, -89.51206970214844, -90.77928161621094, -89.6351547241211, -90.63048553466797, -89.8934555053711, -90.52938079833984, -89.92465209960938, -90.86376190185547, -90.120361328125, -90.70513153076172, -89.90687561035156, -90.84507751464844, -89.91670227050781, -90.84280395507812, -89.79950714111328, -91.20333099365234, -90.0782470703125, -91.13170623779297, -89.92279815673828, -91.05986022949219, -90.35787200927734, -90.69660186767578, -90.08360290527344, -91.2970199584961, -90.5135269165039, -91.33733367919922, -90.50949096679688, -91.25287628173828, -90.26820373535156, -91.68820190429688, -90.70918273925781, -91.17393493652344, -89.99404907226562, -91.85948944091797, -90.81353759765625, -91.6522445678711, -91.10896301269531, -91.74281311035156, -90.99414825439453, -91.42367553710938, -90.65799713134766, -91.89069366455078, -91.06321716308594, -92.03587341308594, -91.0687484741211, -91.68919372558594, -90.57759857177734, -92.00792694091797, -90.81759643554688, -92.12532043457031, -91.06006622314453, -91.66365051269531, -91.07270050048828, -91.53275299072266, -90.87793731689453, -91.78951263427734, -91.06205749511719, -91.71825408935547, -90.84833526611328, -91.70211791992188, -90.70096588134766, -91.47785949707031, -90.39768981933594, -91.58345794677734, -90.3863525390625, -91.44607543945312, -90.74832916259766, -91.3028793334961, -90.72570037841797, -91.21849060058594, -90.47784423828125, -90.87239074707031, -90.0602798461914, -91.03418731689453, -90.05558013916016, -90.83689880371094, -89.80994415283203, -90.36869812011719, -89.27684783935547, -90.45542907714844, -89.21990203857422, -90.32105255126953, -89.63265991210938, -89.60540008544922, -88.95609283447266, -89.53717803955078, -88.84952545166016, -89.9571533203125, -89.05485534667969, -89.2055435180664, -88.23711395263672, -89.5577392578125, -88.46722412109375, -89.39808654785156, -88.21807861328125, -88.9307861328125, -87.83711242675781, -88.46141815185547, -87.91088104248047, -88.46778869628906, -87.814697265625, -87.84069061279297, -87.0051040649414, -87.7581558227539, -86.8475112915039, -88.04147338867188, -87.00532531738281, -87.7144775390625, -86.60440063476562, -88.01939392089844, -86.79033660888672, -87.27537536621094, -86.08597564697266, -86.93465423583984, -86.33358001708984, -87.3709716796875, -86.69332885742188, -87.09680938720703, -86.22823333740234, -86.74854278564453, -85.78202056884766, -86.85282135009766, -85.77557373046875, -86.59522247314453, -85.43253326416016, -86.63818359375, -85.45545196533203, -99.46776580810547, -101.1686782836914, -86.18695831298828, -85.44898223876953, -86.56993865966797, -85.85948181152344, -86.50852966308594, -85.65713500976562, -85.79903411865234, -84.77822875976562, -86.25716400146484, -85.23407745361328, -86.0638198852539, -84.87847137451172, -86.16846466064453, -84.88880157470703, -85.46823120117188, -84.68114471435547, -85.56108093261719, -84.90532684326172, -85.43534088134766, -84.65680694580078, -85.76941680908203, -84.87747192382812, -85.58900451660156, -84.57778930664062, -86.02488708496094, -84.93135070800781, -85.74646759033203, -84.516845703125, -85.66840362548828, -84.34595489501953, -85.30976104736328, -84.47541809082031, -85.19029998779297, -84.48005676269531, -85.33091735839844, -84.52745056152344, -85.24505615234375, -84.3219223022461, -85.59709167480469, -84.57769012451172, -85.33777618408203, -84.18392944335938, -85.87613677978516, -84.66007995605469, -85.43538665771484, -84.28145599365234, -85.04090881347656, -84.4678726196289, -85.385009765625, -84.6628189086914, -84.9710922241211, -84.12022399902344, -84.98812103271484, -84.00868225097656, -85.44773864746094, -84.42293548583984, -85.69375610351562, -84.56472778320312, -85.51212310791016, -84.24437713623047, -85.99461364746094, -84.85347747802734, -85.32599639892578, -84.69403076171875, -85.70579528808594, -84.89574432373047, -85.42045593261719, -84.56908416748047, -85.57777404785156, -84.6244888305664, -85.52249145507812, -84.44046020507812, -85.69461822509766, -84.53160858154297, -86.22178649902344, -84.93807220458984, -85.75546264648438, -85.00584411621094, -85.7163314819336, -85.07412719726562, -86.22840118408203, -85.43746948242188, -85.87400817871094, -84.97114562988281, -86.51924896240234, -85.54852294921875, -86.31721496582031, -85.1967544555664, -86.56037902832031, -85.4038314819336, -86.73565673828125, -85.38748931884766, -86.92508697509766, -86.17084503173828, -86.58943939208984, -85.89923095703125, -86.82150268554688, -86.01875305175781, -86.82005310058594, -85.95486450195312, -87.34321594238281, -86.33534240722656, -87.21183776855469, -86.12564086914062, -87.76749420166016, -86.52704620361328, -87.71575164794922, -86.5860595703125, -87.58016204833984, -86.97285461425781, -87.85269165039062, -87.08316040039062, -87.9943618774414, -87.20758819580078, -88.31034088134766, -87.37594604492188, -88.36572265625, -87.34281158447266, -88.43819427490234, -87.27912902832031, -88.61629486083984, -87.37821197509766, -89.0853271484375, -87.93824005126953, -89.07588195800781, -88.44348907470703, -89.28791046142578, -88.55986022949219, -89.6233139038086, -88.78811645507812, -89.95866394042969, -89.02033233642578, -89.74345397949219, -88.64881896972656, -90.15838623046875, -89.01887512207031, -90.59745788574219, -89.3543472290039, -90.44393157958984, -89.75096893310547, -90.57466888427734, -89.94202423095703, -90.94120788574219, -90.11836242675781, -91.02241516113281, -90.23271942138672, -91.58882904052734, -90.62928771972656, -91.79752349853516, -90.83230590820312, -91.91607666015625, -90.76648712158203, -92.58299255371094, -91.38806915283203, -92.49757385253906, -91.74556732177734, -92.54276275634766, -91.93624114990234, -93.10045623779297, -92.30485534667969, -93.13137817382812, -92.31344604492188, -93.6951904296875, -92.8305892944336, -94.17990112304688, -93.20596313476562, -94.5232925415039, -93.40010070800781, -94.72405242919922, -93.77887725830078, -95.05999755859375, -94.56014251708984, -95.61644744873047, -95.04579162597656, -95.61593627929688, -94.84556579589844, -95.96127319335938, -95.13800811767578, -96.3025894165039, -95.57527923583984, -97.017822265625, -96.16604614257812, -97.50251770019531, -96.51606750488281, -97.71302032470703, -96.8592758178711, -98.1674575805664, -97.79637145996094, -98.24388885498047, -97.8694839477539, -98.94180297851562, -98.40492248535156, -99.30516052246094, -98.6026611328125, -99.36174774169922, -98.63540649414062, -99.74857330322266, -99.15281677246094, -99.63040161132812, -98.9271240234375, -99.9291763305664, -99.43975067138672, -99.28528594970703, -98.95770263671875, -99.25141906738281, -98.76011657714844, -99.20577239990234, -98.59323120117188, -98.96258544921875, -98.37017059326172, -98.97834777832031, -98.30907440185547, -98.54645538330078, -97.69596862792969, -98.28837585449219, -97.3338394165039, -97.84500122070312, -97.2083511352539, -97.2409896850586, -96.7630615234375, -97.51793670654297, -96.94210815429688, -97.10904693603516, -96.43704986572266, -96.80415344238281, -95.93700408935547, -96.92179870605469, -95.93215942382812, -96.49150085449219, -95.4332504272461, -96.32201385498047, -95.37236022949219, -95.87979888916016, -95.38008880615234, -95.61518096923828, -94.93070220947266, -95.55392456054688, -94.81549072265625, -95.00175476074219, -94.1712646484375, -95.17967224121094, -94.27515411376953, -94.65982818603516, -93.73612976074219, -94.58129119873047, -93.45355224609375, -94.863037109375, -93.80248260498047, -94.12013244628906, -93.49908447265625, -93.81501770019531, -93.15404510498047, -93.62594604492188, -92.77819061279297, -93.540283203125, -92.60929107666016, -93.21756744384766, -92.17221069335938, -93.2315673828125, -92.25546264648438, -93.220458984375, -91.99859619140625, -92.45093536376953, -91.73675537109375, -92.37773132324219, -91.7576904296875, -92.18264770507812, -91.49436950683594, -92.40192413330078, -91.54926300048828, -91.9443130493164, -90.96964263916016, -91.68197631835938, -90.63314819335938, -91.9231185913086, -90.77568054199219, -91.5589828491211, -90.31729888916016, -91.28726959228516, -90.54121398925781, -90.8502426147461, -90.2568359375, -90.7638168334961, -89.97272491455078, -90.73835754394531, -89.85276794433594, -90.50916290283203, -89.47380828857422, -91.00774383544922, -89.93181610107422, -90.58055114746094, -89.38607025146484, -90.66642761230469, -89.56612396240234, -90.24405670166016, -89.6362533569336, -89.87159729003906, -89.14655303955078, -89.62312316894531, -88.76168060302734, -89.44961547851562, -88.56009674072266, -89.56562042236328, -88.51049041748047, -89.50419616699219, -88.3565444946289, -89.33158111572266, -88.12503051757812, -89.14501190185547, -88.01659393310547, -88.8127670288086, -88.19473266601562, -88.74427795410156, -88.04383087158203, -88.75975036621094, -87.90709686279297, -88.69702911376953, -87.76559448242188, -88.8662109375, -87.83104705810547, -88.6784896850586, -87.51679229736328, -88.52653503417969, -87.27519989013672, -88.30272674560547, -87.57256317138672, -88.21942901611328, -87.5536117553711, -88.1948471069336, -87.40371704101562, -87.88470458984375, -87.00297546386719, -88.26487731933594, -87.26526641845703, -88.34612274169922, -87.30269622802734, -88.37345886230469, -87.18059539794922, -88.27069091796875, -86.95099639892578, -88.15765380859375, -87.38321685791016, -87.87574005126953, -87.17696380615234, -87.99700164794922, -87.18961334228516, -88.14285278320312, -87.24972534179688, -87.9375, -86.91182708740234, -87.94691467285156, -86.87027740478516, -87.98379516601562, -86.72423553466797, -87.90132141113281, -86.75476837158203, -87.5132827758789, -86.91152954101562, -87.8580551147461, -87.15458679199219, -87.82074737548828, -86.97198486328125, -88.06472778320312, -87.17652893066406, -88.26138305664062, -87.23980712890625, -88.10585021972656, -86.97869110107422, -88.43983459472656, -87.23725128173828, -88.30686950683594, -87.10501098632812, -87.81546020507812, -87.16059112548828, -88.4881362915039, -87.74495697021484, -88.09696197509766, -87.25276184082031, -88.38508605957031, -87.42851257324219, -88.11882781982422, -87.053466796875, -88.36865234375, -87.24588012695312, -88.34210968017578, -87.02802276611328, -88.19273376464844, -87.48401641845703, -88.106201171875, -87.36247253417969, -88.04927062988281, -87.2790756225586, -88.16527557373047, -87.28313446044922, -88.38241577148438, -87.4415512084961, -88.67754364013672, -87.62723541259766, -88.18617248535156, -87.01316833496094, -88.61976623535156, -87.2660903930664, -87.90824127197266, -87.1448974609375, -87.87590789794922, -87.18219757080078, -88.0539779663086, -87.27023315429688, -88.17039489746094, -87.31282806396484, -88.08170318603516, -87.05167388916016, -88.06936645507812, -86.97518920898438, -88.21382904052734, -86.98973846435547, -88.0713882446289, -86.95765686035156, -87.60171508789062, -86.99225616455078, -87.79888153076172, -87.07969665527344, -87.81898498535156, -86.97544860839844, -87.94419860839844, -87.01599884033203, -87.75650787353516, -86.72975158691406, -87.79417419433594, -86.64110565185547, -88.08940124511719, -86.83228302001953, -87.97976684570312, -86.86707305908203, -87.48949432373047, -86.86000061035156, -87.49832916259766, -86.75035095214844, -87.56394958496094, -86.72001647949219, -87.32743835449219, -86.3736343383789, -87.74336242675781, -86.690185546875, -87.84293365478516, -86.65836334228516, -87.72053527832031, -86.43302917480469, -87.4142837524414, -86.66967010498047, -87.87238311767578, -87.21037292480469, -87.44754028320312, -86.66462707519531, -87.5045166015625, -86.6279296875, -87.67222595214844, -86.694091796875, -87.80828094482422, -86.77719116210938, -87.98460388183594, -86.7761459350586, -87.78482055664062, -86.45126342773438, -87.57192993164062, -86.8033447265625, -87.41020965576172, -86.74420928955078, -87.3596420288086, -86.621337890625, -87.81248474121094, -86.88734436035156, -87.4059829711914, -86.42015075683594, -87.66644287109375, -86.54187774658203, -87.74811553955078, -86.5370101928711, -88.03257751464844, -86.91192626953125, -87.6369857788086, -86.9925765991211, -87.8448486328125, -87.15499114990234, -87.77332305908203, -86.95963287353516, -87.85330200195312, -86.90857696533203, -87.71381378173828, -86.69143676757812, -88.13626861572266, -86.97044372558594, -88.06936645507812, -86.79998779296875, -88.28730010986328, -87.13671875, -87.97301483154297, -87.32177734375, -88.39986419677734, -87.67438507080078, -88.62033081054688, -87.79524993896484, -88.54154205322266, -87.58038330078125, -88.60913848876953, -87.51852416992188, -88.98208618164062, -87.85274505615234, -88.92721557617188, -87.67079162597656, -88.86436462402344, -88.1156997680664, -88.82707977294922, -88.14663696289062, -88.78208923339844, -88.04672241210938, -89.08688354492188, -88.2202377319336, -89.30979919433594, -88.36317443847656, -89.35011291503906, -88.24166870117188, -89.82950592041016, -88.66516876220703, -90.05168151855469, -88.78595733642578, -90.01826477050781, -89.27327728271484, -89.87823486328125, -89.20216369628906, -90.13671112060547, -89.34001922607422, -89.88372039794922, -89.02272033691406, -90.2620620727539, -89.33245849609375, -90.6624526977539, -89.5398178100586, -90.8656234741211, -89.68819427490234, -91.08657836914062, -89.99298095703125, -90.95740509033203, -90.3384017944336, -91.20804595947266, -90.55177307128906, -91.38095092773438, -90.61809539794922, -91.41119384765625, -90.51066589355469, -91.89041137695312, -90.96028137207031, -91.68753051757812, -90.50733184814453, -91.93738555908203, -90.77378845214844, -91.77533721923828, -90.67254638671875, -91.86743927001953, -91.3061752319336, -91.70999145507812, -90.92105102539062, -91.61392211914062, -90.81351470947266, -91.76026153564453, -90.8230972290039, -92.26384735107422, -91.25773620605469, -92.41230010986328, -91.31256103515625, -92.00599670410156, -90.80742645263672, -91.69822692871094, -91.05931854248047, -91.32906341552734, -90.66729736328125, -91.71247100830078, -90.96269226074219, -91.41060638427734, -90.52344512939453, -91.04244232177734, -90.1314926147461, -91.34996032714844, -90.31553649902344, -91.09178161621094, -89.91062927246094, -90.89186096191406, -89.62294006347656, -90.6994857788086, -89.90568542480469, -90.00729370117188, -89.34947967529297, -90.33008575439453, -89.46775817871094, -89.912353515625, -88.99662780761719, -90.0903549194336, -89.13018035888672, -89.82901000976562, -88.76018524169922, -89.2063980102539, -87.98646545410156, -89.3365249633789, -88.25187683105469, -88.9715347290039, -88.38026428222656, -88.67406463623047, -87.9640121459961, -88.55371856689453, -87.74227905273438, -88.39277648925781, -87.44615173339844, -88.06698608398438, -87.06707000732422, -88.00963592529297, -86.84342193603516, -87.78845977783203, -86.50679016113281, -88.0511245727539, -86.9048843383789, -87.26145935058594, -86.66634368896484, -87.3067398071289, -86.53871154785156, -87.04523468017578, -86.199951171875, -87.16536712646484, -86.1866455078125, -86.99405670166016, -85.96527862548828, -86.97913360595703, -85.8446273803711, -86.82584381103516, -85.55911254882812, -86.19371795654297, -85.44978332519531, -86.250732421875, -85.56678009033203, -86.34566497802734, -85.59217834472656, -86.00830078125, -85.1029281616211, -86.10597229003906, -85.14019775390625, -85.95784759521484, -84.89778137207031, -86.21663665771484, -84.9989013671875, -85.96005249023438, -84.6622085571289, -86.02293395996094, -85.23796081542969, -85.65644073486328, -84.9494857788086, -85.86703491210938, -85.07467651367188, -85.83208465576172, -84.90121459960938, -85.49874114990234, -84.48350524902344, -85.6649398803711, -84.5552978515625, -85.67245483398438, -84.44598388671875, -86.01441192626953, -84.8752670288086, -85.11839294433594, -84.50707244873047, -85.28506469726562, -84.54759979248047, -85.3675765991211, -84.53482055664062, -85.545654296875, -84.63353729248047, -85.34999084472656, -84.32958984375, -85.71427917480469, -84.5806655883789, -85.58760833740234, -84.32304382324219, -85.6668701171875, -84.49191284179688, -85.10395050048828, -84.46302795410156, -85.00834655761719, -84.28388214111328, -85.20872497558594, -84.34645080566406, -85.40876770019531, -84.4817123413086, -85.80396270751953, -84.74748992919922, -85.53108215332031, -84.31600189208984, -85.51463317871094, -84.24961853027344, -85.36492156982422, -84.60144805908203, -85.21641540527344, -84.59459686279297, -85.08804321289062, -84.30203247070312, -85.46784973144531, -84.59769439697266, -85.29239654541016, -84.32518005371094, -85.68199157714844, -84.58937072753906, -85.6082534790039, -84.37777709960938, -85.601318359375, -84.2962875366211, -85.7618637084961, -84.99791717529297, -85.521728515625, -84.82320404052734, -85.79534912109375, -85.01004791259766, -85.69502258300781, -84.79912567138672, -86.0481948852539, -85.01160430908203, -86.26185607910156, -85.1919174194336, -86.38914489746094, -85.16716003417969, -86.36506652832031, -85.22806549072266, -86.25498962402344, -85.6807861328125, -86.24007415771484, -85.52725219726562, -86.50465393066406, -85.69959259033203, -86.73287200927734, -85.80542755126953, -86.91603088378906, -85.88262939453125, -87.15064239501953, -86.01439666748047, -87.20804595947266, -85.98611450195312, -87.69703674316406, -86.57813262939453, -87.26105499267578, -86.62688446044922, -87.26129150390625, -86.55778503417969, -87.6043930053711, -86.7944564819336, -87.6785659790039, -86.70236206054688, -88.05467224121094, -87.00270080566406, -87.82801818847656, -86.64783477783203, -88.09996032714844, -86.83402252197266, -88.20826721191406, -87.43283081054688, -88.24665069580078, -87.61843872070312, -88.67926788330078, -87.92411804199219, -88.63179779052734, -87.7757339477539, -88.9583969116211, -87.99443054199219, -88.95745849609375, -87.91151428222656, -89.00969696044922, -87.84417724609375, -89.36873626708984, -88.11376190185547, -89.5674819946289, -88.8353042602539, -89.1732406616211, -88.53966522216797, -89.48971557617188, -88.70763397216797, -89.49605560302734, -88.63980865478516, -89.90320587158203, -88.9489974975586, -90.00017547607422, -88.90908813476562, -90.0901107788086, -88.94322967529297, -89.99888610839844, -88.90861511230469, -90.03766632080078, -89.4257583618164, -90.27462768554688, -89.6141357421875, -90.13123321533203, -89.34871673583984, -90.20026397705078, -89.3109130859375, -90.52503204345703, -89.5444564819336, -101.30625915527344, -103.09733581542969, -103.05831146240234, -102.76171112060547, -102.798095703125, -102.78579711914062, -102.94027709960938, -102.82740020751953, -103.10218048095703, -103.04584503173828, -103.10417938232422, -103.01795959472656, -103.01420593261719, -103.07254028320312, -103.11785125732422, -103.12799835205078, -102.92522430419922, -102.99922180175781, -103.0021743774414, -102.97554779052734, -102.86872100830078, -102.85848999023438, -102.7788314819336, -102.90869903564453, -103.22747039794922, -103.1091079711914, -102.83262634277344, -102.76441192626953, -102.97607421875, -103.19971466064453, -103.1392593383789, -103.12725067138672, -103.11786651611328, -103.02540588378906, -103.01644897460938, -102.87065887451172, -103.18399810791016, -103.08646392822266, -103.29124450683594, -103.07209777832031, -102.9966812133789, -102.87892150878906, -102.89093017578125, -102.93524932861328, -102.9428939819336, -103.06831359863281, -103.19429016113281, -103.34396362304688, -103.23139953613281, -103.04106903076172, -102.97682189941406, -102.98336791992188, -102.87696075439453, -102.9960708618164, -103.16072845458984, -103.13514709472656, -103.15482330322266, -102.97300720214844, -102.72773742675781, -102.88689422607422, -103.18359375, -103.11076354980469, -103.11579132080078, -103.26404571533203, -103.07337188720703, -103.28270721435547, -103.21383666992188, -103.10493469238281, -103.16455841064453, -103.17455291748047, -103.06135559082031, -103.23045349121094, -102.99801635742188, -103.0277099609375, -103.0737075805664, -103.05860900878906, -103.06732940673828, -103.15154266357422, -103.33782958984375, -103.23253631591797, -103.02655792236328, -103.04153442382812, -103.1626968383789, -103.04015350341797, -103.15192413330078, -103.06626892089844, -103.02566528320312, -103.00049591064453, -103.13827514648438, -103.32951354980469, -103.34226989746094, -103.16666412353516, -102.88328552246094, -102.7835922241211, -102.87005615234375, -102.96935272216797, -103.06116485595703, -102.98970794677734, -103.04464721679688, -103.10497283935547, -102.79483032226562, -102.87673950195312, -102.94548797607422, -103.10324096679688, -103.07540893554688, -102.82221984863281, -103.03440856933594, -103.22120666503906, -103.20858001708984, -103.043212890625, -102.92494201660156, -102.99400329589844, -102.95665740966797, -102.77576446533203, -103.01901245117188, -102.9065170288086, -103.0291976928711, -103.11917877197266, -103.00969696044922, -102.89795684814453, -102.90628814697266, -102.91241455078125, -102.99676513671875, -103.151611328125, -102.95652770996094, -102.99411010742188, -103.22474670410156, -103.14464569091797, -102.86331176757812, -102.8089370727539, -103.18782806396484, -103.21479797363281, -103.06794738769531, -102.94685363769531, -102.81771850585938, -102.77618408203125, -103.04638671875, -103.28713989257812, -103.14884185791016, -103.0584945678711, -102.99186706542969, -102.89054107666016, -103.2601547241211, -103.10559844970703, -103.26255798339844, -103.12802124023438, -102.89704132080078, -102.99999237060547, -103.02599334716797, -102.97447204589844, -103.14359283447266, -103.005615234375, -103.00680541992188, -103.19478607177734, -103.07444763183594, -102.91141510009766, -102.97945404052734, -103.08080291748047, -102.91928100585938, -102.86478424072266, -103.18746948242188, -103.20594787597656, -103.02771759033203, -103.0489501953125, -103.03457641601562, -103.01364135742188, -102.84326934814453, -102.93829345703125, -103.15473175048828, -102.98619842529297, -102.86575317382812, -103.00179290771484, -103.17018127441406, -103.18423461914062, -103.01996612548828, -102.88005828857422, -102.82215881347656, -103.02291870117188, -103.2748031616211, -103.10095977783203, -103.16959381103516, -103.10298919677734, -103.09147644042969, -102.97357940673828, -103.03712463378906, -103.20100402832031, -103.16795349121094, -102.99221801757812, -103.12279510498047, -103.10440063476562, -103.04541015625, -102.85478210449219, -102.94718170166016, -103.0924072265625, -102.9781265258789, -103.06098175048828, -102.94381713867188, -102.8261489868164, -102.7872314453125, -102.90261840820312, -102.95281982421875, -102.96995544433594, -103.1007080078125, -103.18753051757812, -103.06602478027344, -103.10211181640625, -102.99095916748047, -103.00762176513672, -103.04936981201172, -102.81168365478516, -102.832275390625, -103.08690643310547, -103.17278289794922, -102.8874282836914, -103.00776672363281, -103.1247787475586, -103.09876251220703, -102.77593994140625, -102.80718231201172, -102.95319366455078, -102.99505615234375, -102.9877700805664, -103.072265625];
200005;0x6800680068006800680068006800680068006800680068006800680068006800;-84.19926299966006;-71.05198455669904;21.03453827490834;3.55;3.98;4.44668888888889;1.31;3.283611111111111;7.02;[-102.82563018798828, -102.54415893554688, -102.74246215820312, -102.82466888427734, -102.71337127685547, -102.46627807617188, -102.27667999267578, -102.9400863647461, -102.89378356933594, -102.8367691040039, -102.74028015136719, -102.83904266357422, -102.92139434814453, -102.75564575195312, -102.58157348632812, -102.49130249023438, -102.3982925415039, -102.74957275390625, -103.09297180175781, -102.80949401855469, -102.73035430908203, -102.85482788085938, -102.92578887939453, -102.8244857788086, -102.55208587646484, -102.85286712646484, -103.05123901367188, -103.0497055053711, -102.71366119384766, -102.73269653320312, -102.7476806640625, -102.64434814453125, -102.64315032958984, -102.93426513671875, -103.09164428710938, -102.5893325805664, -102.63452911376953, -102.67720031738281, -102.88077545166016, -102.65931701660156, -102.49565124511719, -102.41771697998047, -102.39916229248047, -102.86298370361328, -102.77342987060547, -102.94926452636719, -102.9660873413086, -102.72279357910156, -102.65982818603516, -102.80802154541016, -102.77884674072266, -102.47970581054688, -102.72672271728516, -102.37489318847656, -101.97393798828125, -102.33773803710938, -102.30598449707031, -102.39053344726562, -102.25837707519531, -102.36090850830078, -102.2449722290039, -102.73270416259766, -102.69596099853516, -102.27167510986328, -102.06668090820312, -102.9326171875, -102.89997863769531, -102.8358154296875, -102.5638427734375, -102.43359375, -102.11933135986328, -102.36393737792969, -102.36384582519531, -102.11822509765625, -102.2751693725586, -102.42357635498047, -102.05970764160156, -102.29945373535156, -102.36843872070312, -102.92062377929688, -102.87772369384766, -102.58463287353516, -102.7737045288086, -103.09473419189453, -103.11431121826172, -102.76231384277344, -102.41166687011719, -103.14896392822266, -102.95538330078125, -102.9341049194336, -103.01692199707031, -102.99604797363281, -102.83965301513672, -102.76242065429688, -102.79885864257812, -102.8553466796875, -102.8526611328125, -102.51919555664062, -102.51333618164062, -102.60153198242188, -102.43352508544922, -102.63262939453125, -102.75257873535156, -103.03897094726562, -102.82859802246094, -102.91405487060547, -102.91415405273438, -102.59736633300781, -102.79961395263672, -102.97059631347656, -102.79425048828125, -101.8899917602539, -101.503662109375, -102.84781646728516, -102.72198486328125, -102.81208038330078, -102.91419219970703, -103.08538818359375, -102.87171173095703, -102.84795379638672, -102.85348510742188, -102.57140350341797, -102.62245178222656, -102.76991271972656, -102.68991088867188, -102.84027099609375, -102.68013000488281, -102.75311279296875, -103.0325698852539, -103.09284973144531, -102.68266296386719, -102.69110107421875, -102.75301361083984, -102.5677490234375, -102.58064270019531, -102.93209838867188, -103.0284652709961, -102.71813201904297, -102.46302795410156, -102.44092559814453, -102.42169189453125, -102.75261688232422, -102.9957046508789, -102.75785827636719, -102.75007629394531, -102.60165405273438, -102.32307434082031, -102.47537231445312, -102.3988037109375, -102.97197723388672, -102.77701568603516, -102.53931427001953, -102.3084945678711, -102.6922607421875, -102.56453704833984, -102.6156234741211, -102.63726043701172, -102.71916961669922, -102.75120544433594, -102.94086456298828, -102.87064361572266, -102.8674087524414, -102.82524871826172, -102.98636627197266, -103.06964111328125, -102.89552307128906, -102.59684753417969, -102.94952392578125, -102.96121978759766, -102.9605941772461, -102.92145538330078, -102.80989837646484, -102.73700714111328, -102.8831558227539, -102.88813018798828, -102.84979248046875, -102.86998748779297, -102.76287078857422, -102.84754943847656, -102.96324920654297, -102.6399917602539, -102.7276382446289, -102.64407348632812, -102.80292510986328, -102.88995361328125, -102.92868041992188, -102.75666809082031, -102.87599182128906, -102.71285247802734, -102.87749481201172, -102.72985076904297, -102.6397476196289, -102.56060028076172, -102.81970977783203, -102.87550354003906, -102.80840301513672, -102.73396301269531, -102.80231475830078, -102.97731018066406, -102.84774780273438, -102.7107925415039, -102.72872161865234, -102.8172378540039, -102.56011199951172, -102.3158187866211, -102.89061737060547, -102.7294921875, -102.57191467285156, -102.46074676513672, -102.83541107177734, -102.99950408935547, -102.8529052734375, -102.92440032958984, -102.83602142333984, -102.74334716796875, -102.9111328125, -102.95056915283203, -102.48816680908203, -102.50859832763672, -102.95551300048828, -102.81985473632812, -102.86959075927734, -100.71256256103516, -85.06929016113281, -84.07648468017578, -85.52703857421875, -84.56658935546875, -85.52074432373047, -84.43670654296875, -85.27507019042969, -84.07051086425781, -85.06684112548828, -83.73784637451172, -84.92284393310547, -84.1698226928711, -85.0017318725586, -84.3290023803711, -85.21601104736328, -84.42681121826172, -85.19671630859375, -84.29417419433594, -84.97793579101562, -83.95136260986328, -85.11732482910156, -84.02059173583984, -85.38770294189453, -84.16899108886719, -85.36266326904297, -84.18787384033203, -84.49801635742188, -83.90498352050781, -84.64450073242188, -83.9100341796875, -84.4773178100586, -83.66500854492188, -84.33009338378906, -83.38118743896484, -84.44446563720703, -83.4382553100586, -84.49755096435547, -83.35404205322266, -84.64398956298828, -83.42742919921875, -84.66712188720703, -83.4827651977539, -84.31415557861328, -83.68971252441406, -84.15142059326172, -83.40753173828125, -84.6122055053711, -83.74929809570312, -84.00563049316406, -83.0695571899414, -84.19767761230469, -83.13549041748047, -84.53276824951172, -83.35550689697266, -84.27371215820312, -82.97393798828125, -84.27500915527344, -83.52685546875, -83.71607971191406, -83.06806182861328, -83.85054016113281, -83.07564544677734, -84.03553009033203, -83.18001556396484, -84.08682250976562, -83.06683349609375, -84.00627899169922, -82.90473175048828, -83.71609497070312, -82.48885345458984, -84.02043914794922, -82.76162719726562, -83.78582763671875, -83.00386810302734, -83.56819152832031, -82.85688018798828, -83.3911361694336, -82.60440063476562, -83.16173553466797, -82.23682403564453, -83.31227111816406, -82.30500793457031, -83.4834213256836, -82.34049224853516, -83.6814193725586, -82.47042846679688, -83.3849868774414, -82.23005676269531, -83.0385971069336, -82.43372344970703, -82.9607925415039, -82.2537612915039, -82.97067260742188, -82.15360260009766, -83.07354736328125, -82.11978149414062, -82.90326690673828, -81.84500122070312, -82.62902069091797, -81.47150421142578, -82.65274810791016, -81.4195327758789, -82.91950988769531, -81.7431869506836, -82.55033874511719, -81.91218566894531, -82.37540435791016, -81.61949920654297, -82.523193359375, -81.70407104492188, -82.63347625732422, -81.66868591308594, -82.36982727050781, -81.3082275390625, -82.45975494384766, -81.30296325683594, -82.56074523925781, -81.2662582397461, -81.98908233642578, -81.26122283935547, -81.89361572265625, -81.22113037109375, -82.00164794921875, -81.23372650146484, -82.05076599121094, -81.18399047851562, -82.20281219482422, -81.2127456665039, -82.30863189697266, -81.20590209960938, -82.09967803955078, -80.88835144042969, -81.9970703125, -80.68348693847656, -82.10284423828125, -81.3480453491211, -81.83345794677734, -81.14863586425781, -81.70610809326172, -80.901611328125, -82.01849365234375, -81.12102508544922, -81.83075714111328, -80.80455780029297, -81.75027465820312, -80.62179565429688, -81.90306854248047, -80.67546844482422, -82.32755279541016, -81.2006607055664, -81.73906707763672, -81.13124084472656, -81.64836120605469, -80.90721893310547, -82.00984954833984, -81.19142150878906, -82.11474609375, -81.17774200439453, -82.11356353759766, -81.05236053466797, -81.94849395751953, -80.80863189697266, -82.27265167236328, -81.02987670898438, -82.5430908203125, -81.40045166015625, -81.95996856689453, -81.29960632324219, -81.99311065673828, -81.26611328125, -82.28131866455078, -81.43376159667969, -82.30923461914062, -81.35672760009766, -82.4026107788086, -81.3390884399414, -82.49332427978516, -81.34465026855469, -82.77247619628906, -81.49423217773438, -82.70677185058594, -81.97467041015625, -82.51073455810547, -81.843505859375, -82.59188842773438, -81.83668518066406, -82.7679214477539, -81.90149688720703, -82.83804321289062, -81.8448486328125, -82.96499633789062, -81.88024139404297, -82.91828155517578, -81.69963073730469, -83.61044311523438, -82.32015228271484, -83.24019622802734, -82.48870849609375, -82.97444915771484, -82.27798461914062, -83.4818344116211, -82.68487548828125, -83.33489227294922, -82.43807220458984, -83.46202087402344, -82.4700927734375, -83.50955963134766, -82.3996353149414, -83.64967346191406, -82.40515899658203, -83.78369903564453, -82.66083526611328, -83.42892456054688, -82.814697265625, -83.9058837890625, -83.22465515136719, -83.90655517578125, -83.06237030029297, -83.97235107421875, -83.06717681884766, -84.0836181640625, -83.06997680664062, -84.09135437011719, -82.94608306884766, -84.3278579711914, -83.0876693725586, -84.12779998779297, -82.97367858886719, -84.14573669433594, -83.5302734375, -84.01463317871094, -83.28301239013672, -84.01406860351562, -83.15900421142578, -83.99188232421875, -83.06043243408203, -84.32051086425781, -83.24659729003906, -84.61994171142578, -83.45136260986328, -84.25153350830078, -82.959716796875, -84.11355590820312, -83.38352966308594, -84.04486083984375, -83.37173461914062, -84.22753143310547, -83.46237182617188, -84.39187622070312, -83.53936767578125, -83.95606994628906, -82.96762084960938, -84.06382751464844, -83.00855255126953, -84.1839370727539, -82.96807098388672, -84.20501708984375, -82.92960357666016, -83.80711364746094, -83.02540588378906, -83.81616973876953, -83.14557647705078, -84.22728729248047, -83.42039489746094, -83.50218200683594, -82.59545135498047, -84.18223571777344, -83.20968627929688, -84.0960693359375, -82.96296691894531, -84.1797103881836, -82.9688491821289, -84.15568542480469, -82.99337005615234, -83.34777069091797, -82.75599670410156, -83.99658203125, -83.27607727050781, -83.7007064819336, -82.88728332519531, -83.77115631103516, -82.83716583251953, -83.86605834960938, -82.83882141113281, -83.98058319091797, -82.83158874511719, -84.01969146728516, -82.74873352050781, -84.01309967041016, -82.86528778076172, -83.80296325683594, -83.179443359375, -83.60388946533203, -82.87007904052734, -83.90826416015625, -83.05290222167969, -84.01929473876953, -83.08646392822266, -83.595703125, -82.49899291992188, -84.13368225097656, -82.97917938232422, -83.9039306640625, -82.62053680419922, -83.6777114868164, -82.9344711303711, -84.03590393066406, -83.39735412597656, -83.9131088256836, -83.14798736572266, -83.6107177734375, -82.70809936523438, -84.29432678222656, -83.32593536376953, -84.24835205078125, -83.18370056152344, -84.21231079101562, -83.02395629882812, -84.07492065429688, -82.76703643798828, -84.26982879638672, -83.52840423583984, -84.2378158569336, -83.54229736328125, -84.05485534667969, -83.27606201171875, -84.49755096435547, -83.58818817138672, -84.18655395507812, -83.20181274414062, -84.49188232421875, -83.3651351928711, -84.51455688476562, -83.28624725341797, -84.99333953857422, -83.89116668701172, -84.181396484375, -83.58426666259766, -84.5999984741211, -83.86797332763672, -84.49268341064453, -83.67533111572266, -84.6647720336914, -83.74320220947266, -84.50039672851562, -83.4466781616211, -84.8798599243164, -83.73942565917969, -84.9301986694336, -83.7007064819336, -84.50293731689453, -83.31610107421875, -84.74504089355469, -84.1152114868164, -84.38728332519531, -83.65756225585938, -84.63617706298828, -83.79386901855469, -84.37358856201172, -83.41195678710938, -84.4700927734375, -83.41210174560547, -84.72257995605469, -83.55834197998047, -84.92619323730469, -83.63959503173828, -84.49009704589844, -83.75619506835938, -84.31484985351562, -83.63460540771484, -84.25677490234375, -83.49949645996094, -84.32013702392578, -83.45448303222656, -84.6343002319336, -83.67554473876953, -84.58116149902344, -83.4906005859375, -84.78080749511719, -83.6341781616211, -84.68778228759766, -83.37200164794922, -84.55714416503906, -83.80210876464844, -84.40621185302734, -83.70108032226562, -84.38975524902344, -83.6036605834961, -84.46769714355469, -83.57364654541016, -84.44888305664062, -83.42436981201172, -84.81194305419922, -83.71755981445312, -84.7343521118164, -83.47532653808594, -84.82205200195312, -83.70223999023438, -84.57261657714844, -83.95968627929688, -84.46824645996094, -83.72846221923828, -84.67743682861328, -83.87153625488281, -84.54078674316406, -83.60171508789062, -84.69319915771484, -83.66836547851562, -84.78562927246094, -83.65140533447266, -84.76213836669922, -83.51353454589844, -84.90853118896484, -83.73860931396484, -84.3766098022461, -83.76681518554688, -84.65715026855469, -83.90758514404297, -84.82772827148438, -83.97650146484375, -84.66841888427734, -83.71826934814453, -84.65469360351562, -83.57388305664062, -84.68651580810547, -83.47784423828125, -84.9453125, -83.68128967285156, -85.08592987060547, -84.36958312988281, -84.72863006591797, -84.0812759399414, -84.94502258300781, -84.17304992675781, -85.06773376464844, -84.19850158691406, -85.06803131103516, -84.08413696289062, -84.81298828125, -83.73572540283203, -85.15331268310547, -83.9644546508789, -85.11357116699219, -83.82151794433594, -84.9836196899414, -84.25347900390625, -84.934326171875, -84.24224853515625, -84.81555938720703, -84.0208511352539, -84.9535140991211, -84.05171203613281, -85.1132583618164, -84.10802459716797, -85.04253387451172, -83.94945526123047, -85.05001068115234, -83.82988739013672, -85.41781616210938, -84.29651641845703, -85.12981414794922, -84.54882049560547, -85.17147064208984, -84.45647430419922, -85.0080795288086, -84.19441986083984, -85.37245178222656, -84.44718170166016, -85.14231872558594, -84.09561920166016, -85.51839447021484, -84.39220428466797, -85.30484771728516, -84.0737533569336, -85.44628143310547, -84.27198028564453, -84.73484802246094, -84.1064224243164, -84.81636047363281, -84.0949478149414, -85.0801010131836, -84.24458312988281, -84.81334686279297, -83.8444595336914, -85.03884887695312, -83.9579849243164, -85.01241302490234, -83.85233306884766, -85.41590881347656, -84.15562438964844, -85.5674819946289, -84.85443115234375, -84.88553619384766, -84.1996841430664, -84.96604919433594, -84.1903305053711, -85.04570007324219, -84.14189910888672, -85.06835174560547, -84.07943725585938, -85.11766815185547, -84.05103302001953, -84.9603500366211, -83.78741455078125, -85.59664154052734, -84.3177490234375, -85.01423645019531, -84.24868774414062, -85.11727142333984, -84.4359130859375, -85.09754943847656, -84.29293823242188, -85.09748840332031, -84.22412872314453, -84.99298858642578, -83.99908447265625, -85.02583312988281, -83.91199493408203, -85.0111083984375, -83.76979064941406, -85.24365997314453, -84.14264678955078, -84.59123992919922, -83.9774169921875, -85.01464080810547, -84.29329681396484, -85.3592300415039, -84.56885528564453, -85.2503890991211, -84.32794952392578, -85.31869506835938, -84.31246948242188, -85.6456298828125, -84.48164367675781, -85.31478118896484, -84.06674194335938, -85.59870910644531, -84.45491790771484, -84.74089813232422, -84.10638427734375, -85.16094207763672, -84.44219207763672, -85.22816467285156, -84.38481903076172, -85.4267578125, -84.46245574951172, -84.89163208007812, -83.81378936767578, -85.29342651367188, -84.16842651367188, -85.74397277832031, -84.47733306884766, -85.47905731201172, -84.74748992919922, -85.21408081054688, -84.54996490478516, -85.5243911743164, -84.73577117919922, -85.53763580322266, -84.65725708007812, -85.56214904785156, -84.59346771240234, -85.40166473388672, -84.32219696044922, -85.80665588378906, -84.66064453125, -85.92817687988281, -84.59710693359375, -85.5499038696289, -84.83597564697266, -85.81916809082031, -85.14024353027344, -86.18846893310547, -85.4173583984375, -85.88763427734375, -84.99032592773438, -85.8350830078125, -84.89575958251953, -86.3442611694336, -85.23603057861328, -86.2879409790039, -85.08728790283203, -86.62920379638672, -85.51738739013672, -85.76229095458984, -85.13653564453125, -86.39683532714844, -85.74388885498047, -86.13561248779297, -85.32157135009766, -86.47928619384766, -85.5733413696289, -86.7669906616211, -85.76634216308594, -86.7758560180664, -85.64049530029297, -86.82986450195312, -85.57364654541016, -87.16898345947266, -86.0480728149414, -86.40493774414062, -85.7457275390625, -86.64547729492188, -85.95210266113281, -86.79593658447266, -85.9535903930664, -86.76145935058594, -85.81741333007812, -87.02146911621094, -85.97892761230469, -86.81640625, -85.63584899902344, -87.05210876464844, -85.81884002685547, -86.9305419921875, -86.21576690673828, -86.96565246582031, -86.32420349121094, -86.54014587402344, -85.77606964111328, -87.19076538085938, -86.32532501220703, -87.0444107055664, -86.0743637084961, -86.85771942138672, -85.72257232666016, -86.8831558227539, -85.7044906616211, -87.38650512695312, -86.1137466430664, -87.01307678222656, -86.26988983154297, -87.0086441040039, -86.33516693115234, -86.98030090332031, -86.17523193359375, -86.68059539794922, -85.80970001220703, -87.02830505371094, -86.07244110107422, -87.13314819335938, -86.00605773925781, -87.30147552490234, -86.1269302368164, -87.30729675292969, -86.21229553222656, -86.91828155517578, -86.29940795898438, -87.26516723632812, -86.56413269042969, -87.0729751586914, -86.24365234375, -87.27316284179688, -86.3954849243164, -87.41217041015625, -86.40709686279297, -87.3070068359375, -86.15971374511719, -87.15177154541016, -85.91783905029297, -87.97843933105469, -86.8884048461914, -87.1875228881836, -86.5407485961914, -87.29981231689453, -86.58566284179688, -87.93731689453125, -87.11078643798828, -87.58853912353516, -86.61238098144531, -87.72041320800781, -86.65933227539062, -87.98017120361328, -86.83777618408203, -88.23454284667969, -86.97618865966797, -88.11131286621094, -87.40970611572266, -88.00139617919922, -87.34830474853516, -88.31700897216797, -87.59947204589844, -88.1448745727539, -87.30531311035156, -88.31291198730469, -87.31349182128906, -88.279296875, -87.24740600585938, -88.83394622802734, -87.64311981201172, -88.80770874023438, -87.54827880859375, -88.63945770263672, -87.88690948486328, -88.2471694946289, -87.5678482055664, -88.8038101196289, -87.9984359741211, -88.96892547607422, -88.0960464477539, -88.75918579101562, -87.7676773071289, -89.26887512207031, -88.20842742919922, -88.67536926269531, -87.44725036621094, -89.27490234375, -88.2396469116211, -89.185791015625, -88.60575866699219, -89.27174377441406, -88.57301330566406, -88.95245361328125, -88.18374633789062, -89.42684936523438, -88.55742645263672, -89.46746063232422, -88.48869323730469, -89.10652923583984, -87.99451446533203, -89.50379943847656, -88.3192367553711, -89.52484893798828, -88.3551254272461, -88.96588897705078, -88.34732055664062, -88.86225128173828, -88.15888977050781, -89.1929931640625, -88.32943725585938, -89.02973175048828, -88.10271453857422, -89.08865356445312, -88.0106201171875, -88.85684967041016, -87.71951293945312, -88.85137939453125, -87.62915802001953, -88.70287322998047, -87.9983139038086, -88.47639465332031, -87.81103515625, -88.50074005126953, -87.7697982788086, -88.12834930419922, -87.25680541992188, -88.27867889404297, -87.34286499023438, -88.12555694580078, -87.10658264160156, -87.68350982666016, -86.48382568359375, -87.75386810302734, -86.4758529663086, -87.68888854980469, -86.9369125366211, -87.00304412841797, -86.35122680664062, -86.95863342285156, -86.20330047607422, -87.30213928222656, -86.45458984375, -86.73758697509766, -85.70501708984375, -87.0083999633789, -85.92210388183594, -86.92276763916016, -85.72322082519531, -86.4253158569336, -85.27667236328125, -85.94963836669922, -85.35083770751953, -86.10462951660156, -85.38452911376953, -85.37843322753906, -84.53899383544922, -85.29244232177734, -84.37236785888672, -85.65657043457031, -84.64552307128906, -85.374755859375, -84.23202514648438, -85.6902847290039, -84.43897247314453, -84.97482299804688, -83.81287384033203, -84.70308685302734, -84.09423828125, -85.15678405761719, -84.45449829101562, -84.9006118774414, -84.01429748535156, -84.4737548828125, -83.5296859741211, -84.68317413330078, -83.61196899414062, -84.44889068603516, -83.28143310546875, -84.55462646484375, -83.31858825683594, -97.85255432128906, -100.31742858886719, -84.19661712646484, -83.41044616699219, -84.56746673583984, -83.80810546875, -84.43878936767578, -83.59727478027344, -83.76525115966797, -82.77334594726562, -84.31010437011719, -83.21583557128906, -84.12194061279297, -82.9407958984375, -84.18148040771484, -82.89237213134766, -83.56356811523438, -82.78424072265625, -83.58626556396484, -82.90618896484375, -83.56745147705078, -82.77696228027344, -83.89015197753906, -83.01226806640625, -83.73442077636719, -82.72274780273438, -84.19107818603516, -83.09165954589844, -83.84829711914062, -82.64602661132812, -83.87423706054688, -82.54057312011719, -83.47364044189453, -82.65680694580078, -83.44190216064453, -82.72273254394531, -83.57456970214844, -82.76441192626953, -83.50064849853516, -82.57241821289062, -83.83219909667969, -82.84513092041016, -83.59410095214844, -82.44159698486328, -84.1677017211914, -82.96865844726562, -83.75662231445312, -82.61386108398438, -83.3774185180664, -82.75882720947266, -83.71669006347656, -82.97623443603516, -83.25115203857422, -82.39757537841797, -83.29856872558594, -82.3580322265625, -83.86837768554688, -82.83631134033203, -84.12178802490234, -82.96583557128906, -83.98831939697266, -82.71055603027344, -84.4475326538086, -83.27074432373047, -83.79580688476562, -83.14710998535156, -84.14029693603516, -83.37896728515625, -83.9825668334961, -83.1051025390625, -84.17877960205078, -83.20491790771484, -84.14127349853516, -83.0724868774414, -84.3131103515625, -83.1456298828125, -84.74996185302734, -83.48591613769531, -84.38236236572266, -83.60177612304688, -84.37368774414062, -83.72649383544922, -84.95338439941406, -84.17719268798828, -84.5643539428711, -83.65916442871094, -85.19863891601562, -84.20252227783203, -85.04529571533203, -83.93212127685547, -85.35682678222656, -84.18048095703125, -85.50855255126953, -84.18634796142578, -85.73822021484375, -84.99241638183594, -85.43896484375, -84.72372436523438, -85.66571807861328, -84.88357543945312, -85.7802505493164, -84.88642120361328, -86.40995788574219, -85.37020874023438, -86.310302734375, -85.19615936279297, -86.78998565673828, -85.5589599609375, -86.79878997802734, -85.67103576660156, -86.70802307128906, -86.0953598022461, -87.01575469970703, -86.27740478515625, -87.275146484375, -86.43173217773438, -87.54501342773438, -86.58973693847656, -87.67386627197266, -86.65206146240234, -87.75167083740234, -86.61011505126953, -87.92311096191406, -86.68802642822266, -88.48001861572266, -87.36017608642578, -88.59820556640625, -87.91842651367188, -88.69966888427734, -87.97634887695312, -89.00300598144531, -88.22462463378906, -89.50975036621094, -88.59669494628906, -89.33389282226562, -88.25880432128906, -89.8363265991211, -88.7176513671875, -90.36876678466797, -89.08723449707031, -90.1807632446289, -89.451904296875, -90.36831665039062, -89.70787811279297, -90.7647705078125, -89.97364044189453, -90.931396484375, -90.11253356933594, -91.51419067382812, -90.56484985351562, -91.63837432861328, -90.66555786132812, -91.9096908569336, -90.74718475341797, -92.47766876220703, -91.25528717041016, -92.22716522216797, -91.56507110595703, -92.42623138427734, -91.80902099609375, -92.87255096435547, -92.1573715209961, -92.89675903320312, -92.03670501708984, -93.44561767578125, -92.56656646728516, -93.63803100585938, -92.612548828125, -94.04560089111328, -92.87870025634766, -93.90863800048828, -92.94864654541016, -94.16068267822266, -93.59137725830078, -94.5477066040039, -93.88138580322266, -94.05757904052734, -93.29256439208984, -94.14468383789062, -93.22041320800781, -94.36647033691406, -93.41427612304688, -94.68690490722656, -93.70970916748047, -94.50861358642578, -93.35667419433594, -94.37550354003906, -93.29362487792969, -94.0816879272461, -93.54351806640625, -93.94966125488281, -93.23312377929688, -94.08364868164062, -93.3165283203125, -94.11315155029297, -93.2538833618164, -93.31836700439453, -92.35308074951172, -93.48495483398438, -92.412841796875, -93.09877014160156, -91.85028839111328, -92.89360809326172, -92.22771453857422, -92.0711441040039, -91.40367126464844, -91.910400390625, -91.22461700439453, -91.8510971069336, -90.9678955078125, -91.67080688476562, -90.7408447265625, -91.71466827392578, -90.64454650878906, -91.4845199584961, -90.34358978271484, -91.16055297851562, -89.89987182617188, -90.77606201171875, -90.04364013671875, -90.31659698486328, -89.59359741210938, -90.3290023803711, -89.60399627685547, -90.50041198730469, -89.60101318359375, -89.99809265136719, -88.99307250976562, -90.29613494873047, -89.2269287109375, -89.9444808959961, -88.7280502319336, -89.85308837890625, -88.79743194580078, -89.61717224121094, -89.04618835449219, -89.2868881225586, -88.53489685058594, -89.3916244506836, -88.55889129638672, -88.9600601196289, -88.06246185302734, -89.4317398071289, -88.3673324584961, -88.91069793701172, -87.77863311767578, -88.75878143310547, -87.48590087890625, -89.2857437133789, -88.13925170898438, -88.45646667480469, -87.81814575195312, -88.32933044433594, -87.57260131835938, -88.19939422607422, -87.31192016601562, -88.25511169433594, -87.29887390136719, -87.91156005859375, -86.86637115478516, -88.31880187988281, -87.14820098876953, -88.22744750976562, -86.9870376586914, -87.70809936523438, -86.97265625, -87.60765838623047, -86.90982055664062, -87.49241638183594, -86.7031021118164, -87.62236785888672, -86.77549743652344, -87.44283294677734, -86.51918029785156, -87.30615997314453, -86.19457244873047, -87.56129455566406, -86.40192413330078, -87.3358383178711, -86.0152359008789, -87.00155639648438, -86.20137023925781, -86.7025375366211, -86.02616119384766, -86.69518280029297, -85.904052734375, -86.81163024902344, -85.88664245605469, -86.63304138183594, -85.6432113647461, -87.16780853271484, -86.02361297607422, -86.76478576660156, -85.52674865722656, -86.94356536865234, -85.81005096435547, -86.53657531738281, -85.9169921875, -86.22210693359375, -85.4619140625, -86.07369995117188, -85.24337768554688, -86.0675277709961, -85.1171875, -86.16277313232422, -85.08821868896484, -86.11494445800781, -84.97364044189453, -86.07225799560547, -84.8400650024414, -85.97945404052734, -84.80101776123047, -85.58358764648438, -84.94747924804688, -85.6707534790039, -84.91656494140625, -85.63249969482422, -84.74640655517578, -85.61542510986328, -84.65447998046875, -85.87323760986328, -84.83480072021484, -85.69464874267578, -84.52377319335938, -85.61653137207031, -84.32205963134766, -85.46247863769531, -84.71045684814453, -85.32183074951172, -84.67152404785156, -85.39954376220703, -84.59487915039062, -85.14114379882812, -84.23460388183594, -85.49760437011719, -84.5246353149414, -85.55809020996094, -84.46428680419922, -85.69703674316406, -84.49856567382812, -85.60694122314453, -84.30398559570312, -85.52580261230469, -84.74849700927734, -85.26211547851562, -84.54938507080078, -85.42567443847656, -84.62371826171875, -85.5770034790039, -84.66841888427734, -85.32235717773438, -84.2979736328125, -85.41227722167969, -84.27857971191406, -85.47920989990234, -84.23503112792969, -85.40239715576172, -84.24486541748047, -85.06349182128906, -84.44621276855469, -85.44209289550781, -84.73242950439453, -85.39562225341797, -84.54497528076172, -85.62104034423828, -84.67991638183594, -85.8179931640625, -84.78952026367188, -85.65650177001953, -84.50537109375, -86.0051040649414, -84.7325668334961, -85.86099243164062, -84.67080688476562, -85.35910034179688, -84.73977661132812, -86.05111694335938, -85.30830383300781, -85.75814819335938, -84.8961410522461, -86.00533294677734, -85.06110382080078, -85.71455383300781, -84.65777587890625, -86.03436279296875, -84.87125396728516, -85.93989562988281, -84.64470672607422, -85.82344818115234, -85.07730865478516, -85.72098541259766, -85.05496978759766, -85.7144775390625, -84.94078826904297, -85.8149642944336, -84.93496704101562, -86.02338409423828, -85.03812408447266, -86.25824737548828, -85.1749496459961, -85.87833404541016, -84.63178253173828, -86.1871337890625, -84.88472747802734, -85.55168914794922, -84.75823211669922, -85.4973373413086, -84.79731750488281, -85.67898559570312, -84.9032211303711, -85.88152313232422, -84.97663116455078, -85.74356842041016, -84.7232437133789, -85.76077270507812, -84.65046691894531, -85.85487365722656, -84.6146240234375, -85.77347564697266, -84.62321472167969, -85.30259704589844, -84.6795654296875, -85.4555435180664, -84.71337890625, -85.44953155517578, -84.6329345703125, -85.64137268066406, -84.69497680664062, -85.4133071899414, -84.36979675292969, -85.4502182006836, -84.27407836914062, -85.74586486816406, -84.51158142089844, -85.70084381103516, -84.53590393066406, -85.13063049316406, -84.49061584472656, -85.2003402709961, -84.4332504272461, -85.1253662109375, -84.28620910644531, -84.96224975585938, -84.01082611083984, -85.40703582763672, -84.33715057373047, -85.41551208496094, -84.23887634277344, -85.34220123291016, -84.06437683105469, -84.99446868896484, -84.23017883300781, -85.42736053466797, -84.7619857788086, -84.96553039550781, -84.1763916015625, -85.01180267333984, -84.15586853027344, -85.20362854003906, -84.2213134765625, -85.354248046875, -84.24286651611328, -85.52666473388672, -84.31752014160156, -85.29338836669922, -83.97607421875, -85.02706909179688, -84.24384307861328, -84.85900115966797, -84.15834045410156, -84.83383178710938, -84.01150512695312, -85.2562255859375, -84.35252380371094, -84.79595947265625, -83.763916015625, -85.01033782958984, -83.87600708007812, -85.08329772949219, -83.81340789794922, -85.3204345703125, -84.21114349365234, -84.87126159667969, -84.25467681884766, -85.07683563232422, -84.3348388671875, -84.98087310791016, -84.13309478759766, -84.99842071533203, -84.10350036621094, -84.82347869873047, -83.76365661621094, -85.24555206298828, -84.1041488647461, -85.10313415527344, -83.85967254638672, -85.28211212158203, -84.09291076660156, -84.90206909179688, -84.27240753173828, -85.28042602539062, -84.5103530883789, -85.50162506103516, -84.6373519897461, -85.2913589477539, -84.3288345336914, -85.34156799316406, -84.27359008789062, -85.7764892578125, -84.57137298583984, -85.58262634277344, -84.30707550048828, -85.43390655517578, -84.7030258178711, -85.36607360839844, -84.70952606201172, -85.31664276123047, -84.5301513671875, -85.57524108886719, -84.70366668701172, -85.71488189697266, -84.70243835449219, -85.71119689941406, -84.64102935791016, -86.0152359008789, -84.81897735595703, -86.25701904296875, -84.99172973632812, -86.10301971435547, -85.33482360839844, -85.82801818847656, -85.12886810302734, -86.00045013427734, -85.16708374023438, -85.67919158935547, -84.76026153564453, -85.97644805908203, -84.97086334228516, -86.18282318115234, -85.0418930053711, -86.52444458007812, -85.31233978271484, -86.6208724975586, -85.46778106689453, -86.31169128417969, -85.72722625732422, -86.51643371582031, -85.79016876220703, -86.53276062011719, -85.71050262451172, -86.5488510131836, -85.62297821044922, -87.02650451660156, -85.99671173095703, -86.655029296875, -85.48289489746094, -86.96320343017578, -85.70572662353516, -86.6646957397461, -85.50775909423828, -86.8515625, -86.20901489257812, -86.55262756347656, -85.79393768310547, -86.51116943359375, -85.63197326660156, -86.56581115722656, -85.59285736083984, -87.01941680908203, -85.97814178466797, -87.23872375488281, -86.04728698730469, -86.86739349365234, -85.5285415649414, -86.73787689208984, -85.9844970703125, -86.27519989013672, -85.61084747314453, -86.65447998046875, -85.88298797607422, -86.47489929199219, -85.5904312133789, -86.322265625, -85.31902313232422, -86.62905883789062, -85.52916717529297, -86.46331024169922, -85.26457977294922, -86.43099212646484, -85.10022735595703, -86.27992248535156, -85.50643920898438, -85.68705749511719, -84.9782943725586, -85.97722625732422, -85.19527435302734, -85.76127624511719, -84.84770965576172, -86.06599426269531, -85.05825805664062, -85.87732696533203, -84.77017974853516, -85.3787612915039, -84.11514282226562, -85.66071319580078, -84.56736755371094, -85.46813201904297, -84.84961700439453, -85.16246032714844, -84.4433364868164, -85.12483215332031, -84.3097915649414, -85.16569519042969, -84.22852325439453, -84.91569519042969, -83.83871459960938, -84.84410858154297, -83.68207550048828, -84.72235870361328, -83.46553039550781, -85.02486419677734, -83.85971069335938, -84.37290954589844, -83.7137451171875, -84.44203186035156, -83.6938247680664, -84.28377532958984, -83.42830657958984, -84.43109893798828, -83.47537231445312, -84.46821594238281, -83.394287109375, -84.39520263671875, -83.20632934570312, -84.3968276977539, -83.10469055175781, -83.7264633178711, -82.96271514892578, -83.88245391845703, -83.18267059326172, -83.98027801513672, -83.23038482666016, -83.68942260742188, -82.81951141357422, -83.87060546875, -82.89459228515625, -83.79106903076172, -82.67730712890625, -84.07872772216797, -82.86812591552734, -83.82012176513672, -82.47806549072266, -83.8941421508789, -83.13675689697266, -83.59498596191406, -82.8877944946289, -83.84683227539062, -83.05252075195312, -83.83524322509766, -82.8831787109375, -83.5514907836914, -82.51943969726562, -83.77938842773438, -82.64319610595703, -83.81561279296875, -82.5743179321289, -84.16956329345703, -83.0329360961914, -83.31210327148438, -82.68769836425781, -83.49048614501953, -82.76376342773438, -83.6201400756836, -82.7844009399414, -83.79444122314453, -82.88066101074219, -83.63117218017578, -82.595703125, -83.9821548461914, -82.83755493164062, -83.90277099609375, -82.62661743164062, -83.9656982421875, -82.77580261230469, -83.42772674560547, -82.78477478027344, -83.40796661376953, -82.64253997802734, -83.62303924560547, -82.77186584472656, -83.80094146728516, -82.83380889892578, -84.17436218261719, -83.11088562011719, -83.92033386230469, -82.72930145263672, -84.01748657226562, -82.72090911865234, -83.82251739501953, -83.085205078125, -83.69359588623047, -83.04802703857422, -83.56525421142578, -82.77877044677734, -83.96504974365234, -83.10231018066406, -83.82990264892578, -82.8335952758789, -84.22611999511719, -83.11734771728516, -84.1226577758789, -82.9219741821289, -84.17357635498047, -82.87335968017578, -84.39649200439453, -83.6252670288086, -84.1356201171875, -83.42988586425781, -84.36956024169922, -83.5683364868164, -84.27115631103516, -83.37334442138672, -84.63513946533203, -83.61625671386719, -84.88899230957031, -83.77656555175781, -85.01585388183594, -83.7646713256836, -84.96295166015625, -83.80355834960938, -84.88592529296875, -84.26991271972656, -84.88525390625, -84.14447021484375, -85.09703063964844, -84.24576568603516, -85.31999969482422, -84.41194152832031, -85.48908996582031, -84.47248840332031, -85.7868423461914, -84.63470458984375, -85.72533416748047, -84.50996398925781, -86.26675415039062, -85.11353302001953, -85.77326202392578, -85.13838195800781, -85.77191925048828, -85.03968811035156, -86.10594177246094, -85.24678039550781, -86.1858901977539, -85.20165252685547, -86.54924774169922, -85.49955749511719, -86.26605224609375, -85.08060455322266, -86.54425811767578, -85.2889633178711, -86.52432250976562, -85.8082504272461, -86.57573699951172, -85.92642974853516, -86.870361328125, -86.1359634399414, -86.85723876953125, -86.00180053710938, -87.11556243896484, -86.13536071777344, -87.11254119873047, -86.0088119506836, -87.0781478881836, -85.88668060302734, -87.48994445800781, -86.16995239257812, -87.42186737060547, -86.66927337646484, -86.99911499023438, -86.3338394165039, -87.30071258544922, -86.4870834350586, -87.26141357421875, -86.33659362792969, -87.55046844482422, -86.56922149658203, -87.56885528564453, -86.45381927490234, -87.68639373779297, -86.43626403808594, -87.33600616455078, -86.21467590332031, -87.35350799560547, -86.75064849853516, -87.5586929321289, -86.82815551757812, -87.27754211425781, -86.4987564086914, -87.30549621582031, -86.3795166015625, -87.51969909667969, -86.5978775024414, -100.15909576416016, -102.68004608154297, -102.75324249267578, -103.02523803710938, -102.9572525024414, -102.92630004882812, -103.03919219970703, -102.91020965576172, -103.00213623046875, -103.18557739257812, -103.11825561523438, -103.1739730834961, -103.02313995361328, -103.06718444824219, -103.04666137695312, -102.78994750976562, -102.81180572509766, -102.61857604980469, -103.0129623413086, -103.1572036743164, -102.74921417236328, -102.55541229248047, -102.81906127929688, -102.78853607177734, -103.02054595947266, -103.05880737304688, -103.0584945678711, -102.90516662597656, -103.19213104248047, -103.0385513305664, -103.05976104736328, -102.98959350585938, -103.19536590576172, -103.26863098144531, -102.71702575683594, -102.33760070800781, -102.89557647705078, -103.03768920898438, -103.22550201416016, -103.12629699707031, -103.20110321044922, -103.24456787109375, -102.94850158691406, -102.67859649658203, -102.84516906738281, -102.87285614013672, -102.90386199951172, -102.98743438720703, -103.0840072631836, -103.05781555175781, -102.95439147949219, -103.13268280029297, -103.11114501953125, -102.98828887939453, -102.62367248535156, -102.94575500488281, -102.93970489501953, -102.79109954833984, -103.10791778564453, -102.93254089355469, -102.81609344482422, -102.85160827636719, -103.130859375, -103.16143035888672, -103.16951751708984, -103.05792236328125, -103.26387786865234, -103.09923553466797, -103.04060363769531, -103.08665466308594, -103.05425262451172, -103.22288513183594, -103.03831481933594, -103.15675354003906, -102.98039245605469, -103.04962158203125, -103.1688232421875, -103.02589416503906, -103.0261459350586, -102.971923828125, -102.8558120727539, -102.9959716796875, -103.25052642822266, -103.17935180664062, -102.82923126220703, -102.76367950439453, -102.78861999511719, -102.93950653076172, -103.28096771240234, -103.05950927734375, -103.09659576416016, -103.11302947998047, -103.0004653930664, -103.09256744384766, -102.95787811279297, -103.03174591064453, -103.02342987060547, -103.16119384765625, -103.2028579711914, -103.28399658203125, -102.8967514038086, -102.76609802246094, -103.06169128417969, -103.09066772460938, -102.91714477539062, -102.74808502197266, -102.9095687866211, -103.01250457763672, -103.14707946777344, -103.11723327636719, -103.0577163696289, -102.99939727783203, -102.70877838134766, -102.63001251220703, -102.70632934570312, -102.88569641113281, -103.09934997558594, -103.17031860351562, -102.94121551513672, -102.71837615966797, -102.89541625976562, -102.97285461425781, -102.82231140136719, -102.98697662353516, -103.09819793701172, -102.8364486694336, -102.86675262451172, -103.07268524169922, -102.96575164794922, -102.8396987915039, -103.12969207763672, -103.11742401123047, -103.15526580810547, -103.08425903320312, -102.92434692382812, -102.72032928466797, -102.85485076904297, -103.05008697509766, -103.33599090576172, -103.23383331298828, -103.04326629638672, -103.07124328613281, -103.12887573242188, -102.72653198242188, -103.05410766601562, -103.09635162353516, -102.94952392578125, -103.02802276611328, -102.86009216308594, -102.76959228515625, -103.0223388671875, -103.0714111328125, -103.01220703125, -103.00636291503906, -103.25394439697266, -103.16806030273438, -103.18180847167969, -103.0362319946289, -103.19599914550781, -103.15027618408203, -103.06495666503906, -103.04522705078125, -102.71971893310547, -102.73709869384766, -102.96089935302734, -103.21207427978516, -103.15660858154297, -103.25997161865234, -103.31311798095703, -103.09082794189453, -103.059814453125, -103.17019653320312, -102.96475219726562, -103.0844497680664, -102.67218017578125, -102.68814849853516, -103.05271911621094, -102.9127426147461, -102.96952056884766, -103.0959701538086, -103.17185974121094, -103.1832275390625, -103.05440521240234, -102.86571502685547, -102.96133422851562, -103.04217529296875, -103.14767456054688, -103.23886108398438, -102.76139831542969, -102.71128845214844, -102.9832763671875, -102.61723327636719, -103.0550308227539, -103.31901550292969, -103.1598892211914, -103.15027618408203, -103.24085235595703, -103.05018615722656, -102.80136108398438, -102.842041015625, -103.1885757446289, -103.20643615722656, -103.12625885009766, -103.16796875, -102.93927001953125, -102.860595703125, -102.8331069946289, -102.95835876464844, -103.25988006591797, -103.29080200195312, -103.12684631347656, -103.10065460205078, -103.07318115234375, -102.93628692626953, -102.96183013916016, -103.1248779296875, -102.94672393798828, -102.90471649169922, -102.97550201416016, -102.99312591552734, -102.85564422607422, -102.98936462402344, -103.19078063964844];
200006;0x6400640064006400640064006400640064006400640064006400640064006400;-84.92177906066996;-71.05198455669904;21.03453827490834;3.55;3.98;4.44668888888889;1.31;3.283611111111111;7.02;[-102.62158203125, -102.65625762939453, -102.57669067382812, -103.12416076660156, -102.81903839111328, -102.46023559570312, -102.3417739868164, -102.78564453125, -102.82665252685547, -102.53453826904297, -102.39866638183594, -102.667236328125, -102.5878677368164, -102.53602600097656, -102.74378204345703, -102.61547088623047, -102.49365234375, -102.90412139892578, -102.89847564697266, -102.77068328857422, -102.6474609375, -102.81819915771484, -102.68708038330078, -102.6750717163086, -102.5163345336914, -102.95777893066406, -102.78752899169922, -102.77143096923828, -102.85336303710938, -102.80087280273438, -102.67521667480469, -102.63550567626953, -102.68396759033203, -102.7026596069336, -102.6678466796875, -102.5981674194336, -102.68060302734375, -102.94306945800781, -102.76797485351562, -102.44450378417969, -102.48556518554688, -102.70235443115234, -102.62117004394531, -102.68111419677734, -102.7162857055664, -102.7960433959961, -103.00032806396484, -102.70773315429688, -102.58518981933594, -103.01685333251953, -102.95922088623047, -102.62358856201172, -102.538818359375, -102.4499740600586, -102.59559631347656, -102.5379867553711, -102.31053161621094, -102.50862884521484, -102.6754150390625, -102.51822662353516, -102.27122497558594, -103.02881622314453, -103.0370101928711, -102.54695129394531, -102.306640625, -102.82878875732422, -102.91925811767578, -102.65352630615234, -102.58638000488281, -102.44563293457031, -102.32894897460938, -102.65840148925781, -102.7863998413086, -102.44371795654297, -102.14225769042969, -102.4625473022461, -102.38043212890625, -102.482666015625, -102.63894653320312, -102.93769073486328, -103.02188873291016, -102.9522933959961, -102.93223571777344, -102.91153717041016, -102.961181640625, -102.55731201171875, -102.84918212890625, -103.07707977294922, -102.74160766601562, -102.69058990478516, -102.85469055175781, -102.78909301757812, -102.65345001220703, -102.85005187988281, -102.55712890625, -102.60956573486328, -102.95423126220703, -102.91934967041016, -102.5035400390625, -102.43745422363281, -102.48796844482422, -102.74520111083984, -102.83126068115234, -102.8104476928711, -102.82621765136719, -102.92700958251953, -102.95110321044922, -102.6709213256836, -102.59000396728516, -102.73970031738281, -102.72274780273438, -102.1498794555664, -101.82776641845703, -102.98486328125, -102.88018035888672, -103.1607894897461, -102.9460220336914, -102.71733093261719, -102.83667755126953, -102.8770523071289, -102.83729553222656, -102.6198959350586, -102.41586303710938, -102.76670837402344, -102.88539123535156, -102.9478759765625, -102.77733612060547, -102.9936752319336, -102.89519500732422, -102.85857391357422, -102.67266845703125, -102.62074279785156, -102.70059204101562, -102.68893432617188, -102.7586898803711, -102.85289764404297, -102.81936645507812, -102.62676239013672, -102.62794494628906, -102.65535736083984, -102.62667083740234, -102.83943176269531, -102.93981170654297, -102.91561126708984, -102.78723907470703, -102.60930633544922, -102.38654327392578, -102.58033752441406, -102.66434478759766, -102.90447235107422, -102.87747955322266, -102.65727996826172, -102.39106750488281, -102.81739807128906, -102.70571899414062, -102.86787414550781, -102.58863067626953, -102.53656005859375, -102.71953582763672, -103.00706481933594, -103.00994873046875, -102.7894058227539, -102.80205535888672, -103.02361297607422, -103.00559997558594, -102.95429229736328, -102.63209533691406, -102.85986328125, -102.97208404541016, -102.92377471923828, -102.99736785888672, -102.88385009765625, -102.96581268310547, -102.74842834472656, -103.05252075195312, -102.76580047607422, -102.96671295166016, -103.0986099243164, -102.98572540283203, -102.91313171386719, -102.77938842773438, -102.7938232421875, -102.87979125976562, -103.10401153564453, -102.89600372314453, -102.70209503173828, -102.76284790039062, -102.72064971923828, -102.57360076904297, -102.87650299072266, -102.78941345214844, -102.9278793334961, -102.71208190917969, -102.72136688232422, -102.7606201171875, -102.95410919189453, -103.03949737548828, -103.043701171875, -103.02434539794922, -102.85879516601562, -102.7900390625, -102.90849304199219, -103.0228042602539, -102.6220703125, -102.53541564941406, -103.04377746582031, -102.79165649414062, -102.52831268310547, -102.5567855834961, -102.91163635253906, -102.74723815917969, -102.8852310180664, -102.94019317626953, -102.92143249511719, -102.99382781982422, -103.03296661376953, -103.02029418945312, -102.59539031982422, -102.30517578125, -102.84217834472656, -102.82141876220703, -102.85432434082031, -100.93639373779297, -85.8453140258789, -84.85027313232422, -86.27389526367188, -85.27316284179688, -86.29924011230469, -85.18411254882812, -86.00379943847656, -84.82286071777344, -85.76258087158203, -84.42593383789062, -85.61800384521484, -84.86476135253906, -85.72888946533203, -85.05068969726562, -85.932861328125, -85.16908264160156, -85.95235443115234, -85.02432250976562, -85.65180206298828, -84.62602233886719, -85.79573059082031, -84.73532104492188, -86.04927825927734, -84.85590362548828, -86.04762268066406, -84.8923110961914, -85.19856262207031, -84.62638854980469, -85.3727798461914, -84.62552642822266, -85.21347045898438, -84.41920471191406, -85.03960418701172, -84.0721206665039, -85.17062377929688, -84.1437759399414, -85.25067901611328, -84.09630584716797, -85.41085052490234, -84.15794372558594, -85.38849639892578, -84.23526000976562, -85.08956909179688, -84.49064636230469, -84.91889190673828, -84.18158721923828, -85.3309097290039, -84.49884796142578, -84.75592803955078, -83.78788757324219, -84.99911499023438, -83.92616271972656, -85.27848815917969, -84.12528228759766, -84.99197387695312, -83.72789001464844, -85.06304168701172, -84.33658599853516, -84.54431915283203, -83.87079620361328, -84.63951110839844, -83.8964614868164, -84.81022644042969, -83.92649841308594, -84.8054428100586, -83.81334686279297, -84.70478820800781, -83.6171875, -84.52386474609375, -83.31626892089844, -84.8067626953125, -83.51049041748047, -84.556396484375, -83.78855895996094, -84.30233764648438, -83.62265014648438, -84.15130615234375, -83.36497497558594, -83.9626693725586, -83.01610565185547, -84.11286163330078, -83.10171508789062, -84.2647933959961, -83.1396484375, -84.47156524658203, -83.26547241210938, -84.15884399414062, -83.0039291381836, -83.81737518310547, -83.23139953613281, -83.76978302001953, -83.0240249633789, -83.79716491699219, -82.96393585205078, -83.7879638671875, -82.87651062011719, -83.68224334716797, -82.63207244873047, -83.39501190185547, -82.23084259033203, -83.4473876953125, -82.20011138916016, -83.66675567626953, -82.5147933959961, -83.3414077758789, -82.70582580566406, -83.16250610351562, -82.41230773925781, -83.34943389892578, -82.49830627441406, -83.41061401367188, -82.44622802734375, -83.21965789794922, -82.14173889160156, -83.26253509521484, -82.07267761230469, -83.32270050048828, -82.04732513427734, -82.75736999511719, -82.00045013427734, -82.67764282226562, -82.00033569335938, -82.7857437133789, -82.00883483886719, -82.79366302490234, -81.9227523803711, -82.96231842041016, -81.99434661865234, -83.10162353515625, -82.0018310546875, -82.90145874023438, -81.70166015625, -82.76539611816406, -81.44007110595703, -82.87564849853516, -82.11111450195312, -82.61376190185547, -81.94601440429688, -82.49756622314453, -81.69264221191406, -82.82941436767578, -81.92132568359375, -82.60567474365234, -81.58079528808594, -82.54959869384766, -81.42105102539062, -82.68638610839844, -81.47310638427734, -83.12150573730469, -82.0060806274414, -82.5364761352539, -81.94367980957031, -82.45426177978516, -81.7263412475586, -82.8212890625, -82.02098846435547, -82.94776153564453, -82.03684997558594, -82.92962646484375, -81.88739013671875, -82.77558898925781, -81.62818145751953, -83.10794067382812, -81.87677764892578, -83.39453887939453, -82.22523498535156, -82.79048919677734, -82.15034484863281, -82.83507537841797, -82.08605194091797, -83.13443756103516, -82.28643798828125, -83.17778015136719, -82.23391723632812, -83.32138061523438, -82.25556182861328, -83.4107666015625, -82.2359619140625, -83.67658996582031, -82.43463897705078, -83.57842254638672, -82.86499786376953, -83.40513610839844, -82.74972534179688, -83.54653930664062, -82.76333618164062, -83.64505767822266, -82.7663345336914, -83.7637939453125, -82.7904052734375, -83.95391082763672, -82.86628723144531, -83.8584976196289, -82.66387939453125, -84.58348083496094, -83.30342864990234, -84.2558822631836, -83.48228454589844, -83.93856811523438, -83.27225494384766, -84.49076080322266, -83.72172546386719, -84.37677764892578, -83.46829986572266, -84.48208618164062, -83.47450256347656, -84.4979248046875, -83.37950897216797, -84.61918640136719, -83.41831970214844, -84.81426239013672, -83.66822814941406, -84.4605941772461, -83.85298156738281, -84.89085388183594, -84.17880249023438, -84.88263702392578, -84.04341125488281, -84.97954559326172, -84.06725311279297, -85.03937530517578, -84.05010223388672, -85.07987976074219, -83.92890167236328, -85.25816345214844, -84.00338745117188, -85.0300064086914, -83.91584777832031, -85.08089447021484, -84.46149444580078, -84.91551971435547, -84.1588363647461, -84.98123168945312, -84.12503814697266, -84.89094543457031, -83.95816802978516, -85.26057434082031, -84.17862701416016, -85.48499298095703, -84.33792877197266, -85.1192398071289, -83.81989288330078, -84.95884704589844, -84.24011993408203, -84.89188385009766, -84.246826171875, -85.09589385986328, -84.3089828491211, -85.2871322631836, -84.38765716552734, -84.74003601074219, -83.7791748046875, -84.92733764648438, -83.8299789428711, -84.97730255126953, -83.78143310546875, -85.0271987915039, -83.72523498535156, -84.62689971923828, -83.85736846923828, -84.67113494873047, -83.98770141601562, -84.98456573486328, -84.24442291259766, -84.38096618652344, -83.47533416748047, -85.00802612304688, -83.9911880493164, -84.86682891845703, -83.76326751708984, -84.99017333984375, -83.76255798339844, -84.95760345458984, -83.82691955566406, -84.1836166381836, -83.59249114990234, -84.8104248046875, -84.1413803100586, -84.55426025390625, -83.73333740234375, -84.60004425048828, -83.69068145751953, -84.6878890991211, -83.61337280273438, -84.84737396240234, -83.69761657714844, -84.8348388671875, -83.60198211669922, -84.86450958251953, -83.69703674316406, -84.69813537597656, -84.04624938964844, -84.50379943847656, -83.75920104980469, -84.81088256835938, -83.97142791748047, -84.8749008178711, -83.95337677001953, -84.51902770996094, -83.42964172363281, -85.08767700195312, -83.92918395996094, -84.86550903320312, -83.5864486694336, -84.63497161865234, -83.9082260131836, -84.96871948242188, -84.33792877197266, -84.90599822998047, -84.14226531982422, -84.57403564453125, -83.67066955566406, -85.20800018310547, -84.274169921875, -85.30533599853516, -84.23422241210938, -85.2548828125, -84.05245971679688, -85.04334259033203, -83.75249481201172, -85.3189697265625, -84.56291198730469, -85.28267669677734, -84.58196258544922, -85.12966918945312, -84.32135009765625, -85.50880432128906, -84.67510223388672, -85.22616577148438, -84.2142562866211, -85.53277587890625, -84.43718719482422, -85.54914855957031, -84.32290649414062, -86.04803466796875, -84.9388656616211, -85.27232360839844, -84.66983795166016, -85.55683135986328, -84.83125305175781, -85.53060150146484, -84.74043273925781, -85.70260620117188, -84.77982330322266, -85.50030517578125, -84.52656555175781, -85.94775390625, -84.81480407714844, -85.98892211914062, -84.73307037353516, -85.57173919677734, -84.4131851196289, -85.77300262451172, -85.19121551513672, -85.4420394897461, -84.70896911621094, -85.76522064208984, -84.93479919433594, -85.46586608886719, -84.51667785644531, -85.5671157836914, -84.51226043701172, -85.8294677734375, -84.67041778564453, -85.99205780029297, -84.72972869873047, -85.57308959960938, -84.83766174316406, -85.4039306640625, -84.74563598632812, -85.39961242675781, -84.6083755493164, -85.46345520019531, -84.61974334716797, -85.8199234008789, -84.8393325805664, -85.79498291015625, -84.68441009521484, -85.950439453125, -84.77230834960938, -85.8427963256836, -84.56144714355469, -85.73796844482422, -84.97831726074219, -85.55939483642578, -84.88298034667969, -85.55658721923828, -84.77617645263672, -85.6304702758789, -84.7416000366211, -85.61591339111328, -84.6415786743164, -86.00736999511719, -84.91815948486328, -85.93890380859375, -84.71147918701172, -86.0513687133789, -84.95051574707031, -85.79928588867188, -85.17647552490234, -85.72490692138672, -85.01715087890625, -85.95126342773438, -85.13673400878906, -85.82193756103516, -84.87489318847656, -86.0028076171875, -84.9933090209961, -86.10852813720703, -84.94996643066406, -86.12940979003906, -84.83902740478516, -86.1389389038086, -85.02967834472656, -85.68599700927734, -85.08058166503906, -85.97177124023438, -85.26765441894531, -86.2571792602539, -85.44268035888672, -86.0582275390625, -85.10504913330078, -86.03955078125, -85.00450134277344, -86.12648010253906, -85.0085220336914, -86.44972229003906, -85.19401550292969, -86.60195922851562, -85.87284851074219, -86.22095489501953, -85.58349609375, -86.47050476074219, -85.7015151977539, -86.602783203125, -85.76078796386719, -86.6415023803711, -85.65852355957031, -86.4104232788086, -85.31607055664062, -86.75089263916016, -85.5722427368164, -86.75581359863281, -85.4821548461914, -86.6409683227539, -85.8895263671875, -86.54888153076172, -85.90384674072266, -86.51109313964844, -85.68225860595703, -86.60791015625, -85.70872497558594, -86.77794647216797, -85.80397033691406, -86.72976684570312, -85.59620666503906, -86.69609069824219, -85.50516510009766, -87.1365966796875, -86.0138168334961, -86.7790298461914, -86.1915054321289, -86.8213119506836, -86.13642120361328, -86.74864196777344, -85.90103912353516, -87.01800537109375, -86.11356353759766, -86.80074310302734, -85.76740264892578, -87.2042465209961, -86.08267974853516, -86.91324615478516, -85.6861572265625, -87.09835815429688, -85.96682739257812, -86.43260192871094, -85.80939483642578, -86.50869750976562, -85.81524658203125, -86.81298828125, -85.98484802246094, -86.5107421875, -85.54376220703125, -86.68201446533203, -85.66030883789062, -86.74224853515625, -85.57660675048828, -87.12767028808594, -85.86791229248047, -87.23367309570312, -86.53770446777344, -86.58258819580078, -85.92408752441406, -86.6285629272461, -85.88705444335938, -86.64364624023438, -85.79537200927734, -86.79810333251953, -85.81300354003906, -86.81584930419922, -85.72755432128906, -86.60733032226562, -85.43258666992188, -87.25670623779297, -85.998046875, -86.73212432861328, -85.95774841308594, -86.8221435546875, -86.160888671875, -86.7925796508789, -85.98212432861328, -86.82696533203125, -85.92774200439453, -86.64654541015625, -85.64234161376953, -86.72026062011719, -85.63660430908203, -86.67967224121094, -85.45556640625, -86.96372985839844, -85.8573226928711, -86.30838775634766, -85.6929702758789, -86.73009490966797, -86.04039001464844, -87.08999633789062, -86.31892395019531, -87.02631378173828, -86.08512878417969, -87.07677459716797, -86.05876922607422, -87.3645248413086, -86.23147583007812, -87.08616638183594, -85.85389709472656, -87.3954086303711, -86.24726104736328, -86.57391357421875, -85.99989318847656, -87.03627014160156, -86.27574157714844, -87.07464599609375, -86.25752258300781, -87.296630859375, -86.37498474121094, -86.79562377929688, -85.72664642333984, -87.32439422607422, -86.18726348876953, -87.62954711914062, -86.40451049804688, -87.41967010498047, -86.67240905761719, -87.15726470947266, -86.52872467041016, -87.61161804199219, -86.857177734375, -87.66216278076172, -86.79505157470703, -87.6641845703125, -86.70433807373047, -87.56085205078125, -86.4774398803711, -88.06504821777344, -86.92225646972656, -88.13520050048828, -86.82693481445312, -87.82144165039062, -87.0516128540039, -88.12550354003906, -87.46244812011719, -88.55253601074219, -87.80741882324219, -88.33483123779297, -87.46702575683594, -88.37010955810547, -87.38191223144531, -88.8299560546875, -87.77020263671875, -88.85729217529297, -87.62689971923828, -89.27076721191406, -88.16941833496094, -88.38096618652344, -87.76312255859375, -89.12545776367188, -88.44175720214844, -88.89845275878906, -88.09212493896484, -89.34597778320312, -88.46997833251953, -89.69282531738281, -88.6534423828125, -89.5718994140625, -88.45674896240234, -89.6621322631836, -88.4581069946289, -90.20011901855469, -89.06769561767578, -89.38265228271484, -88.77447509765625, -89.73881530761719, -89.00061798095703, -89.8978042602539, -89.07890319824219, -89.89366912841797, -88.94578552246094, -90.16094207763672, -89.1622085571289, -89.79718017578125, -88.7161865234375, -90.1612777709961, -88.92549896240234, -90.0501937866211, -89.31038665771484, -90.13045501708984, -89.5341567993164, -89.66954803466797, -88.91841888427734, -90.24736022949219, -89.41096496582031, -90.0450210571289, -89.13267517089844, -90.01277923583984, -88.97798156738281, -89.90522766113281, -88.75807189941406, -90.37613677978516, -89.16108703613281, -89.95494842529297, -89.27130126953125, -89.97566223144531, -89.32330322265625, -89.8929214477539, -89.123046875, -89.59131622314453, -88.69939422607422, -89.9743423461914, -89.02059173583984, -90.02005004882812, -88.96509552001953, -90.16357421875, -88.99439239501953, -90.232666015625, -89.1220932006836, -89.7321548461914, -89.12730407714844, -90.07569122314453, -89.4209976196289, -89.89789581298828, -89.03689575195312, -90.0322265625, -89.1432876586914, -90.17325592041016, -89.21984100341797, -89.91240692138672, -88.8526382446289, -89.7469482421875, -88.5816421508789, -90.52534484863281, -89.4105224609375, -89.74685668945312, -89.11141204833984, -89.75379943847656, -89.09632110595703, -90.34329986572266, -89.54566192626953, -89.99861907958984, -89.07763671875, -90.04357147216797, -89.03180694580078, -90.17719268798828, -89.09889221191406, -90.38111877441406, -89.178466796875, -90.11864471435547, -89.40494537353516, -90.00106811523438, -89.39482879638672, -90.3007583618164, -89.54887390136719, -89.99011993408203, -89.13162231445312, -90.0098648071289, -89.07303619384766, -90.0813217163086, -89.02127838134766, -90.29408264160156, -89.1266860961914, -90.25121307373047, -89.03082275390625, -90.10234069824219, -89.343017578125, -89.65335083007812, -89.02581787109375, -90.02973937988281, -89.28790283203125, -90.12393188476562, -89.24849700927734, -89.90056610107422, -88.91609954833984, -90.26036834716797, -89.1056900024414, -89.53791046142578, -88.38063049316406, -90.11962890625, -89.065673828125, -89.87942504882812, -89.32493591308594, -89.86212921142578, -89.12406921386719, -89.46577453613281, -88.69510650634766, -89.8721694946289, -89.00878143310547, -89.87007141113281, -88.86515808105469, -89.40216827392578, -88.29975891113281, -89.78743743896484, -88.56078338623047, -89.68919372558594, -88.54853820800781, -89.02740478515625, -88.4229965209961, -88.92543029785156, -88.19799041748047, -89.25480651855469, -88.41351318359375, -88.98059844970703, -88.0497817993164, -88.99085998535156, -87.93976593017578, -88.76976013183594, -87.6171875, -88.79060363769531, -87.53453826904297, -88.6324234008789, -87.9343490600586, -88.41812896728516, -87.7354965209961, -88.36257934570312, -87.62812042236328, -88.03002166748047, -87.21237182617188, -88.2027816772461, -87.27706909179688, -88.10002136230469, -87.01882934570312, -87.64202880859375, -86.4563217163086, -87.75787353515625, -86.49286651611328, -87.72621154785156, -86.98487091064453, -87.11672973632812, -86.4193115234375, -87.0652084350586, -86.32230377197266, -87.51715087890625, -86.63206481933594, -86.8803482055664, -85.87303924560547, -87.13109588623047, -86.09442138671875, -87.2147445678711, -85.99520111083984, -86.74374389648438, -85.5783462524414, -86.34539794921875, -85.73405456542969, -86.45147705078125, -85.75924682617188, -85.77257537841797, -84.93627166748047, -85.73169708251953, -84.8143081665039, -86.1625747680664, -85.16819763183594, -85.9454345703125, -84.81259155273438, -86.22493743896484, -84.98635864257812, -85.55441284179688, -84.4195556640625, -85.28971099853516, -84.69385528564453, -85.78325653076172, -85.07041931152344, -85.54145050048828, -84.69522094726562, -85.2325668334961, -84.27450561523438, -85.43324279785156, -84.42737579345703, -85.24439239501953, -84.08959197998047, -85.3902816772461, -84.12229919433594, -98.37432861328125, -100.64859008789062, -85.08784484863281, -84.3263168334961, -85.46465301513672, -84.72420501708984, -85.41506958007812, -84.5403060913086, -84.74887084960938, -83.74966430664062, -85.31279754638672, -84.27617645263672, -85.15446472167969, -83.92704010009766, -85.29486083984375, -84.03009033203125, -84.6482925415039, -83.88761138916016, -84.69695281982422, -84.04437255859375, -84.75370025634766, -83.95873260498047, -85.126953125, -84.24009704589844, -84.98800659179688, -84.02442932128906, -85.50521087646484, -84.4068603515625, -85.21914672851562, -83.95988464355469, -85.13835906982422, -83.80553436279297, -84.8442611694336, -84.08179473876953, -84.83007049560547, -84.10499572753906, -85.0138931274414, -84.19791412353516, -84.9759521484375, -84.05313873291016, -85.35871887207031, -84.3485107421875, -85.12284851074219, -83.97566986083984, -85.75475311279297, -84.5221939086914, -85.3530502319336, -84.17630767822266, -84.98094940185547, -84.37982940673828, -85.34415435791016, -84.61400604248047, -84.92882537841797, -84.09385681152344, -85.0501708984375, -84.1103515625, -85.59453582763672, -84.54186248779297, -85.89493560791016, -84.7252197265625, -85.76001739501953, -84.49365234375, -86.298095703125, -85.11157989501953, -85.65750885009766, -85.03646850585938, -85.98629760742188, -85.25703430175781, -85.87247467041016, -85.01814270019531, -86.04231262207031, -85.11548614501953, -86.1014175415039, -85.04220581054688, -86.2718505859375, -85.10494232177734, -86.78196716308594, -85.59574890136719, -86.50564575195312, -85.74474334716797, -86.50299835205078, -85.82029724121094, -87.05806732177734, -86.2974624633789, -86.797607421875, -85.90621948242188, -87.43573760986328, -86.46097564697266, -87.37155151367188, -86.27418518066406, -87.69752502441406, -86.5075912475586, -87.82687377929688, -86.5791015625, -88.11215209960938, -87.40276336669922, -87.88298034667969, -87.17662048339844, -88.183837890625, -87.3615493774414, -88.2356185913086, -87.33080291748047, -88.85323333740234, -87.82888793945312, -88.8584976196289, -87.7499008178711, -89.33905792236328, -88.08429718017578, -89.4432373046875, -88.30585479736328, -89.33019256591797, -88.771728515625, -89.67965698242188, -88.96549987792969, -89.94873046875, -89.13633728027344, -90.23533630371094, -89.33200073242188, -90.35429382324219, -89.34429168701172, -90.50624084472656, -89.41276550292969, -90.75108337402344, -89.54122161865234, -91.20995330810547, -90.12220764160156, -91.34861755371094, -90.67449951171875, -91.52230834960938, -90.77701568603516, -91.89065551757812, -91.03703308105469, -92.41558074951172, -91.52716064453125, -92.1175765991211, -91.15841674804688, -92.6468734741211, -91.50126647949219, -92.95891571044922, -91.72673797607422, -92.91056823730469, -92.19200897216797, -93.03367614746094, -92.35429382324219, -93.33094787597656, -92.60292053222656, -93.36332702636719, -92.57167053222656, -93.67748260498047, -92.71456146240234, -93.8332748413086, -92.84520721435547, -94.06475067138672, -93.02779388427734, -94.54621124267578, -93.48443603515625, -94.24270629882812, -93.49256896972656, -94.2058334350586, -93.60516357421875, -94.70349884033203, -93.98442840576172, -94.66155242919922, -93.79071807861328, -94.94831085205078, -93.95683288574219, -94.96829986572266, -94.02154541015625, -95.02063751220703, -93.93463134765625, -94.87694549560547, -93.90569305419922, -94.8360595703125, -94.29007720947266, -95.2418212890625, -94.58021545410156, -94.49787902832031, -93.7625503540039, -94.40884399414062, -93.50584411621094, -94.37459564208984, -93.45740509033203, -94.62822723388672, -93.646728515625, -94.48178100585938, -93.31219482421875, -94.1072769165039, -92.99846649169922, -93.85588073730469, -93.33903503417969, -93.56916809082031, -92.94015502929688, -93.71110534667969, -92.99104309082031, -93.53903198242188, -92.64982604980469, -92.92636108398438, -91.9028549194336, -93.06379699707031, -92.01985168457031, -92.70213317871094, -91.5257339477539, -92.5809555053711, -91.81859588623047, -91.84490203857422, -91.19734954833984, -91.6342544555664, -90.88166046142578, -91.39682006835938, -90.55785369873047, -91.41486358642578, -90.4736099243164, -91.48628234863281, -90.45399475097656, -91.27176666259766, -90.12713623046875, -90.95906066894531, -89.68085479736328, -90.6227035522461, -89.888427734375, -90.11770629882812, -89.43209075927734, -90.36629486083984, -89.61268615722656, -90.44027709960938, -89.50572967529297, -89.94041442871094, -88.97571563720703, -90.19888305664062, -89.1182632446289, -89.92241668701172, -88.68338775634766, -89.91970825195312, -88.80050659179688, -89.68470764160156, -89.06192016601562, -89.309814453125, -88.64216613769531, -89.51278686523438, -88.68521118164062, -89.07549285888672, -88.14026641845703, -89.38475799560547, -88.38092803955078, -89.03893280029297, -87.88070678710938, -88.8304672241211, -87.56011962890625, -89.30014038085938, -88.16597747802734, -88.5279312133789, -87.89839172363281, -88.4187240600586, -87.65130615234375, -88.24503326416016, -87.42293548583984, -88.36419677734375, -87.43665313720703, -87.99462127685547, -86.9613037109375, -88.40992736816406, -87.23042297363281, -88.30757141113281, -87.05081176757812, -87.72352600097656, -86.99177551269531, -87.71742248535156, -87.03347778320312, -87.50747680664062, -86.68692779541016, -87.65713500976562, -86.82450103759766, -87.5389175415039, -86.5668716430664, -87.32343292236328, -86.23890686035156, -87.58937072753906, -86.38143157958984, -87.34190368652344, -86.05329895019531, -86.99739837646484, -86.24701690673828, -86.79068756103516, -86.1368408203125, -86.76751708984375, -85.92610931396484, -86.8297348022461, -85.92012786865234, -86.6584701538086, -85.62378692626953, -87.14201354980469, -86.03947448730469, -86.81773376464844, -85.56568145751953, -87.01545715332031, -85.91950225830078, -86.58201599121094, -85.93653869628906, -86.27254486083984, -85.56351470947266, -86.05653381347656, -85.24137878417969, -86.04263305664062, -85.0927505493164, -86.15316772460938, -85.1029281616211, -86.15243530273438, -84.9795913696289, -86.06900787353516, -84.82910919189453, -85.99829864501953, -84.77993774414062, -85.56568908691406, -84.93931579589844, -85.68640899658203, -84.94574737548828, -85.621826171875, -84.76795959472656, -85.69910430908203, -84.74295043945312, -85.95470428466797, -84.88005828857422, -85.72688293457031, -84.55462646484375, -85.61344909667969, -84.31233978271484, -85.48389434814453, -84.75714111328125, -85.33829498291016, -84.65983581542969, -85.36483764648438, -84.6092300415039, -85.15618896484375, -84.23506927490234, -85.5625991821289, -84.57593536376953, -85.65547943115234, -84.55768585205078, -85.76337432861328, -84.54541778564453, -85.64303588867188, -84.32669830322266, -85.5497817993164, -84.7797622680664, -85.33111572265625, -84.63014221191406, -85.46293640136719, -84.66735076904297, -85.654296875, -84.72858428955078, -85.39427947998047, -84.39830017089844, -85.55439758300781, -84.39593505859375, -85.58142852783203, -84.33867645263672, -85.46736145019531, -84.33165740966797, -85.16471099853516, -84.55414581298828, -85.50304412841797, -84.7830810546875, -85.47871398925781, -84.64068603515625, -85.77902221679688, -84.84503173828125, -85.95941925048828, -84.92207336425781, -85.86257934570312, -84.69700622558594, -86.19378662109375, -84.95777893066406, -86.01093292236328, -84.8414535522461, -85.57613372802734, -84.92243957519531, -86.22151184082031, -85.49088287353516, -85.98091125488281, -85.11162567138672, -86.171875, -85.20608520507812, -85.9197006225586, -84.82896423339844, -86.1573486328125, -85.0092544555664, -86.10405731201172, -84.8258285522461, -86.01104736328125, -85.28887939453125, -85.94483184814453, -85.2585220336914, -85.9892807006836, -85.18667602539062, -85.98421478271484, -85.135009765625, -86.24676513671875, -85.25576782226562, -86.46611022949219, -85.3890609741211, -86.071533203125, -84.84143829345703, -86.41603088378906, -85.15142059326172, -85.7532730102539, -84.9607925415039, -85.73651123046875, -85.05091094970703, -85.9128646850586, -85.10954284667969, -86.10594940185547, -85.19105529785156, -85.95050048828125, -84.9322280883789, -85.93514251708984, -84.7901382446289, -86.04473114013672, -84.86155700683594, -86.0162124633789, -84.83955383300781, -85.52072143554688, -84.90286254882812, -85.71939849853516, -85.02200317382812, -85.76704406738281, -84.92523193359375, -85.8747787475586, -84.95441436767578, -85.74736022949219, -84.71170806884766, -85.72211456298828, -84.53350067138672, -86.04852294921875, -84.78028869628906, -86.0308837890625, -84.8583755493164, -85.481689453125, -84.84416961669922, -85.58012390136719, -84.83358001708984, -85.53131103515625, -84.65888214111328, -85.311767578125, -84.36222076416016, -85.75381469726562, -84.70085906982422, -85.84822845458984, -84.68566131591797, -85.76639556884766, -84.48589324951172, -85.47708129882812, -84.69705200195312, -85.85953521728516, -85.22868347167969, -85.49664306640625, -84.7081527709961, -85.5320053100586, -84.66081237792969, -85.71620178222656, -84.72889709472656, -85.91747283935547, -84.81829833984375, -86.05111694335938, -84.86109924316406, -85.8895492553711, -84.55081176757812, -85.6767578125, -84.89204406738281, -85.4969253540039, -84.7747802734375, -85.49848175048828, -84.71917724609375, -85.9052963256836, -84.98815155029297, -85.49569702148438, -84.48633575439453, -85.7672119140625, -84.62963104248047, -85.82417297363281, -84.62406158447266, -86.1494369506836, -85.01058197021484, -85.71785736083984, -85.11309814453125, -85.92131805419922, -85.21121978759766, -85.90379333496094, -85.01454162597656, -85.93864440917969, -85.02562713623047, -85.7913818359375, -84.72695922851562, -86.24146270751953, -85.1043930053711, -86.21536254882812, -84.96546173095703, -86.3095474243164, -85.18301391601562, -86.00811767578125, -85.38076782226562, -86.41746520996094, -85.67697143554688, -86.66226959228516, -85.79185485839844, -86.49456787109375, -85.4990005493164, -86.61508178710938, -85.54866027832031, -87.01863861083984, -85.83086395263672, -86.90938568115234, -85.62174987792969, -86.81976318359375, -86.0812759399414, -86.76689910888672, -86.08456420898438, -86.77002716064453, -85.99251556396484, -86.97428131103516, -86.07213592529297, -87.17736053466797, -86.18280792236328, -87.16182708740234, -86.047119140625, -87.47726440429688, -86.28359985351562, -87.82962799072266, -86.52299499511719, -87.7208480834961, -86.90685272216797, -87.42984771728516, -86.73072052001953, -87.59492492675781, -86.82681274414062, -87.23692321777344, -86.31416320800781, -87.54363250732422, -86.55072021484375, -87.80258178710938, -86.68729400634766, -88.08484649658203, -86.90449523925781, -88.2369384765625, -87.09371185302734, -87.97374725341797, -87.36859893798828, -88.14119720458984, -87.46867370605469, -88.10710144042969, -87.30671691894531, -88.19929504394531, -87.24607849121094, -88.61590576171875, -87.5776596069336, -88.16756439208984, -87.0396728515625, -88.39812469482422, -87.21937561035156, -88.10308837890625, -86.99213409423828, -88.22669982910156, -87.61775970458984, -87.9158706665039, -87.19769287109375, -87.83356475830078, -86.97004699707031, -87.86389923095703, -86.90718078613281, -88.22509765625, -87.18619537353516, -88.39209747314453, -87.24217987060547, -88.0169448852539, -86.75891876220703, -87.85762786865234, -87.12527465820312, -87.39232635498047, -86.66536712646484, -87.59064483642578, -86.81583404541016, -87.47018432617188, -86.58252716064453, -87.1841049194336, -86.18485260009766, -87.50199127197266, -86.38809967041016, -87.24828338623047, -86.050048828125, -87.068115234375, -85.75426483154297, -86.90160369873047, -86.13786315917969, -86.31547546386719, -85.59632873535156, -86.53240966796875, -85.75718688964844, -86.23690032958984, -85.31169891357422, -86.50336456298828, -85.52796173095703, -86.33029174804688, -85.19340515136719, -85.70919036865234, -84.48895263671875, -86.01100158691406, -84.9135513305664, -85.70106506347656, -85.07750701904297, -85.4020767211914, -84.67474365234375, -85.36445617675781, -84.55430603027344, -85.35114288330078, -84.40247344970703, -85.13954162597656, -84.09394073486328, -85.01165008544922, -83.88312530517578, -84.88549041748047, -83.61299896240234, -85.18397521972656, -83.991943359375, -84.48197937011719, -83.83895111083984, -84.57366943359375, -83.82633209228516, -84.38976287841797, -83.51039123535156, -84.50128173828125, -83.53033447265625, -84.44296264648438, -83.3659896850586, -84.46156311035156, -83.28523254394531, -84.41441345214844, -83.11695861816406, -83.73417663574219, -82.98616790771484, -83.85993957519531, -83.23104095458984, -84.04315185546875, -83.23878479003906, -83.69658660888672, -82.80354309082031, -83.83843994140625, -82.87776947021484, -83.78887939453125, -82.71846771240234, -84.04857635498047, -82.8090591430664, -83.78739166259766, -82.48493194580078, -83.86673736572266, -83.09333801269531, -83.53184509277344, -82.81900787353516, -83.82453155517578, -83.01903533935547, -83.7705078125, -82.83806610107422, -83.4959716796875, -82.47984313964844, -83.748046875, -82.59786224365234, -83.7237548828125, -82.48430633544922, -84.14398193359375, -83.04515838623047, -83.2831802368164, -82.6630859375, -83.45527648925781, -82.72537994384766, -83.53619384765625, -82.74107360839844, -83.7662124633789, -82.82356262207031, -83.62345886230469, -82.57466888427734, -83.94877624511719, -82.79377746582031, -83.87411499023438, -82.60063171386719, -83.92058563232422, -82.74644470214844, -83.46324920654297, -82.8064193725586, -83.42281341552734, -82.67146301269531, -83.6130599975586, -82.7657241821289, -83.83911895751953, -82.88054656982422, -84.21693420410156, -83.16156005859375, -83.96450805664062, -82.76041412353516, -84.03939056396484, -82.75548553466797, -83.88717651367188, -83.13610076904297, -83.79629516601562, -83.1186752319336, -83.6778335571289, -82.92150115966797, -84.06043243408203, -83.19490814208984, -83.92496490478516, -82.91964721679688, -84.38123321533203, -83.29735565185547, -84.31120300292969, -83.10694122314453, -84.33430480957031, -83.03129577636719, -84.51799774169922, -83.76366424560547, -84.30530548095703, -83.61534881591797, -84.5694808959961, -83.77816772460938, -84.522705078125, -83.61190032958984, -84.91495513916016, -83.9480209350586, -85.23247528076172, -84.10940551757812, -85.32306671142578, -84.09095001220703, -85.3622055053711, -84.21640014648438, -85.25267028808594, -84.64213562011719, -85.26052856445312, -84.55072021484375, -85.58666229248047, -84.75446319580078, -85.76806640625, -84.8714599609375, -85.93624114990234, -84.89823913574219, -86.27879333496094, -85.1607894897461, -86.22522735595703, -84.97177124023438, -86.74237060546875, -85.62774658203125, -86.39292907714844, -85.75199890136719, -86.37551879882812, -85.6334457397461, -86.67118072509766, -85.82267761230469, -86.83019256591797, -85.88114929199219, -87.18177032470703, -86.1526870727539, -86.93323516845703, -85.78974151611328, -87.28828430175781, -86.02660369873047, -87.25896453857422, -86.56069946289062, -87.30567932128906, -86.6584243774414, -87.71984100341797, -86.96502685546875, -87.75003051757812, -86.85484313964844, -87.93006896972656, -86.96822357177734, -87.96595001220703, -86.88370513916016, -87.97225189208984, -86.79747772216797, -88.2607650756836, -87.01441192626953, -88.39636993408203, -87.62786102294922, -87.99617004394531, -87.31604766845703, -88.22150421142578, -87.4430923461914, -88.2258071899414, -87.35541534423828, -88.5744400024414, -87.58611297607422, -88.57740020751953, -87.5125503540039, -88.64431762695312, -87.44969940185547, -88.3768539428711, -87.26128387451172, -88.3776626586914, -87.78710174560547, -88.51329040527344, -87.8645248413086, -88.33175659179688, -87.4921646118164, -88.38875579833984, -87.44198608398438, -88.59850311279297, -87.65947723388672, -100.61978149414062, -102.95362091064453, -102.802001953125, -102.7789077758789, -102.95601654052734, -102.83424377441406, -102.97796630859375, -103.21473693847656, -103.11371612548828, -103.04911041259766, -103.07415771484375, -103.10432434082031, -103.07080841064453, -103.04639434814453, -103.03866577148438, -102.81073760986328, -103.10340118408203, -102.95664978027344, -103.0323715209961, -103.10287475585938, -102.93497467041016, -102.7799301147461, -102.69127655029297, -102.68193054199219, -103.09568786621094, -103.14678192138672, -102.72711944580078, -102.78365325927734, -103.13162994384766, -102.92310333251953, -103.04479217529297, -102.9598388671875, -103.03897857666016, -103.17945861816406, -102.82145690917969, -102.89330291748047, -102.90448760986328, -103.02753448486328, -103.13060760498047, -102.90410614013672, -103.00922393798828, -102.98173522949219, -103.14797973632812, -103.06748962402344, -102.88385772705078, -102.96050262451172, -103.25077819824219, -103.13170623779297, -103.0761947631836, -103.13392639160156, -103.39379119873047, -103.18994903564453, -102.96061706542969, -102.72530364990234, -102.78368377685547, -102.9044418334961, -103.0891342163086, -103.02593231201172, -103.14691925048828, -103.06657409667969, -103.17565155029297, -103.09557342529297, -103.08474731445312, -103.02790832519531, -103.36763000488281, -103.33684539794922, -103.26053619384766, -103.00381469726562, -103.31901550292969, -103.22052764892578, -103.07469940185547, -103.12332153320312, -103.26136016845703, -103.05017852783203, -103.14608001708984, -103.01618194580078, -103.24732208251953, -103.4003677368164, -103.23290252685547, -103.15079498291016, -103.14600372314453, -102.9784164428711, -103.15613555908203, -103.16749572753906, -103.02537536621094, -102.83602142333984, -102.94390869140625, -103.27178955078125, -103.21927642822266, -103.04727935791016, -103.12679290771484, -103.13812255859375, -103.08977508544922, -102.96842193603516, -103.01046752929688, -102.98761749267578, -103.0596694946289, -103.03927612304688, -103.2541275024414, -103.03984832763672, -102.70368194580078, -102.63738250732422, -102.9473648071289, -102.79441833496094, -103.03938293457031, -103.01046752929688, -103.1498794555664, -103.16361236572266, -103.19989013671875, -103.11682891845703, -102.86239624023438, -102.8472900390625, -102.71003723144531, -102.78120422363281, -102.7995376586914, -102.93426513671875, -102.95828247070312, -103.11689758300781, -103.02342224121094, -102.90437316894531, -103.17709350585938, -103.18588256835938, -103.15258026123047, -103.21601104736328, -103.23788452148438, -102.98651123046875, -103.07450103759766, -103.36283874511719, -102.85618591308594, -102.8704605102539, -103.33614349365234, -103.06968688964844, -103.10901641845703, -103.05843353271484, -103.13188171386719, -103.11665344238281, -103.10560607910156, -103.1314926147461, -103.19640350341797, -102.97261810302734, -103.06427001953125, -103.1499252319336, -102.94184112548828, -102.88442993164062, -103.2572250366211, -103.04560089111328, -102.82711029052734, -102.93694305419922, -103.0688247680664, -102.76883697509766, -102.90702056884766, -102.94449615478516, -103.13092803955078, -103.12933349609375, -103.02487182617188, -103.13937377929688, -102.90830993652344, -103.06969451904297, -103.03626251220703, -103.01756286621094, -103.0654067993164, -103.17695617675781, -102.880615234375, -102.79198455810547, -103.0066909790039, -102.91180419921875, -103.03691864013672, -103.10202026367188, -103.17668914794922, -103.2225341796875, -103.27577209472656, -103.21943664550781, -103.1412124633789, -103.03324890136719, -102.98309326171875, -102.81855773925781, -102.8906478881836, -102.84303283691406, -103.30115509033203, -103.13858032226562, -103.00054168701172, -103.13430786132812, -102.98919677734375, -103.06109619140625, -103.2974624633789, -103.15303802490234, -103.03052520751953, -103.1145248413086, -102.90763092041016, -103.03948211669922, -102.90464782714844, -102.95092010498047, -103.15729522705078, -102.99179077148438, -103.33464050292969, -103.1399917602539, -103.04154968261719, -103.00043487548828, -103.06088256835938, -103.08137512207031, -103.03600311279297, -102.99964904785156, -103.03785705566406, -102.90412139892578, -102.95344543457031, -102.81739807128906, -103.05773162841797, -103.03321838378906, -102.98623657226562, -102.9848861694336, -103.08643341064453, -103.05361938476562, -103.16526794433594, -103.04389190673828, -103.0404052734375, -102.93946075439453, -102.95287322998047, -102.85719299316406, -103.10450744628906, -102.97689819335938, -102.81483459472656, -102.77296447753906, -103.15594482421875];
200007;0x6200620062006200620062006200620062006200620062006200620062006200;-86.78757831481762;-71.05198455669904;21.03453827490834;3.55;3.98;4.44668888888889;1.31;3.283611111111111;7.02;[-102.82482147216797, -102.64016723632812, -102.7273941040039, -102.5079345703125, -102.7463150024414, -102.51055908203125, -102.41425323486328, -102.61418914794922, -102.88731384277344, -102.88209533691406, -102.8307113647461, -102.76798248291016, -102.9899673461914, -102.77076721191406, -102.68354034423828, -102.73664093017578, -102.44053649902344, -102.84442901611328, -102.82978820800781, -102.90091705322266, -102.90431213378906, -103.09152221679688, -102.70865631103516, -102.58900451660156, -102.51056671142578, -102.79950714111328, -102.8890609741211, -102.70126342773438, -102.84837341308594, -102.88835906982422, -102.69551086425781, -102.62550354003906, -102.56663513183594, -102.65278625488281, -102.62488555908203, -102.60613250732422, -102.70292663574219, -102.70726013183594, -102.7373275756836, -102.66261291503906, -102.59624481201172, -102.73724365234375, -102.65641784667969, -102.71129608154297, -102.9036865234375, -102.83711242675781, -102.69144439697266, -102.73851013183594, -102.69017028808594, -102.7015609741211, -102.69351196289062, -102.75350952148438, -102.45203399658203, -102.58470153808594, -102.40714263916016, -102.65980529785156, -102.72605895996094, -102.73686218261719, -102.6474838256836, -102.6626205444336, -102.6939926147461, -102.7277603149414, -102.78592681884766, -102.41742706298828, -102.42951965332031, -102.93202209472656, -102.94888305664062, -102.84150695800781, -102.79694366455078, -102.51866149902344, -102.56117248535156, -102.71977996826172, -102.44178771972656, -102.46116638183594, -102.37794494628906, -102.85025024414062, -102.45426177978516, -102.60186004638672, -102.48540496826172, -102.78256225585938, -102.89806365966797, -102.69174194335938, -102.65892791748047, -102.91645812988281, -102.6370620727539, -102.68513488769531, -102.66667175292969, -102.7695083618164, -102.82699584960938, -102.91450500488281, -102.8657455444336, -102.80365753173828, -102.79067993164062, -102.78861999511719, -102.88713836669922, -103.16978454589844, -103.00533294677734, -102.81343841552734, -102.59552001953125, -102.5945053100586, -102.52864837646484, -102.8616943359375, -102.8000259399414, -102.69632720947266, -102.61141204833984, -102.89356231689453, -103.07574462890625, -102.87025451660156, -102.92105102539062, -102.76343536376953, -102.8420639038086, -102.2449951171875, -102.43950653076172, -102.80613708496094, -102.75508117675781, -102.9322509765625, -103.05889892578125, -102.97245025634766, -102.46399688720703, -102.53313446044922, -102.66807556152344, -102.77305603027344, -103.00462341308594, -102.97605895996094, -102.9405288696289, -102.97357177734375, -102.96700286865234, -102.92415618896484, -103.00343322753906, -103.20034790039062, -103.09220123291016, -102.91202545166016, -102.69648742675781, -102.63040924072266, -102.68353271484375, -102.81163787841797, -102.8568115234375, -102.88971710205078, -102.82333374023438, -102.728515625, -102.97309875488281, -102.8272933959961, -102.88407897949219, -102.79096984863281, -103.02642059326172, -102.81593322753906, -102.50408935546875, -102.6015853881836, -102.60667419433594, -102.97522735595703, -102.65259552001953, -102.69488525390625, -102.5969009399414, -102.8539047241211, -102.95027160644531, -103.0373764038086, -103.07878112792969, -102.7417984008789, -102.50769805908203, -102.79417419433594, -102.8641586303711, -102.8995132446289, -102.94571685791016, -103.03321838378906, -102.971435546875, -102.88605499267578, -102.89868927001953, -103.06830596923828, -102.77215576171875, -102.78523254394531, -102.98786926269531, -103.0126953125, -103.06710815429688, -103.11254119873047, -103.0514144897461, -102.95603942871094, -102.82571411132812, -103.06269073486328, -102.80935668945312, -102.8665771484375, -102.84700775146484, -102.89493560791016, -102.89865112304688, -102.995849609375, -102.99335479736328, -103.05569458007812, -102.85924530029297, -103.04463195800781, -103.00059509277344, -103.06317138671875, -103.08537292480469, -103.08145904541016, -102.92188262939453, -102.84942626953125, -102.92701721191406, -103.14037322998047, -103.09540557861328, -102.75657653808594, -102.7627944946289, -102.83743286132812, -102.7601547241211, -102.62310791015625, -102.94949340820312, -102.79545593261719, -102.52779388427734, -102.80872344970703, -102.77936553955078, -102.73748016357422, -102.95223999023438, -103.3555679321289, -103.11526489257812, -103.03855895996094, -103.0599136352539, -102.862548828125, -102.95921325683594, -103.09970092773438, -103.23054504394531, -102.58853149414062, -102.64484405517578, -102.57598114013672, -102.54225158691406, -102.82630157470703, -101.78060913085938, -87.70750427246094, -86.7298812866211, -88.07670593261719, -87.13987731933594, -88.14299011230469, -87.05199432373047, -87.86823272705078, -86.70043182373047, -87.62064361572266, -86.37598419189453, -87.49039459228516, -86.75586700439453, -87.59828186035156, -86.92597961425781, -87.74166870117188, -86.97020721435547, -87.72640991210938, -86.83193969726562, -87.48298645019531, -86.45610809326172, -87.59358215332031, -86.5086441040039, -87.83748626708984, -86.66508483886719, -87.82695007324219, -86.6961898803711, -86.94066619873047, -86.3536148071289, -87.07411193847656, -86.3713607788086, -86.95092010498047, -86.12593078613281, -86.74368286132812, -85.794921875, -86.91575622558594, -85.88529205322266, -86.9217300415039, -85.78609466552734, -87.02703857421875, -85.76896667480469, -87.0259780883789, -85.90291595458984, -86.71289825439453, -86.10765075683594, -86.49147033691406, -85.76800537109375, -86.949951171875, -86.14871215820312, -86.3595199584961, -85.35767364501953, -86.53768157958984, -85.46647644042969, -86.82798767089844, -85.68222045898438, -86.6162338256836, -85.31918334960938, -86.56449890136719, -85.84355926513672, -86.04307556152344, -85.43399047851562, -86.14579010009766, -85.39701080322266, -86.3550796508789, -85.47708129882812, -86.32536315917969, -85.3560791015625, -86.23284912109375, -85.15119934082031, -86.02619934082031, -84.78665161132812, -86.26146697998047, -84.98454284667969, -86.01803588867188, -85.25385284423828, -85.8155517578125, -85.11962890625, -85.69227600097656, -84.85133361816406, -85.35002899169922, -84.46512603759766, -85.5680160522461, -84.54647827148438, -85.71282196044922, -84.59156799316406, -85.87285614013672, -84.63723754882812, -85.57875061035156, -84.45347595214844, -85.20503997802734, -84.60169219970703, -85.1392593383789, -84.42709350585938, -85.1435775756836, -84.32850646972656, -85.21593475341797, -84.28321075439453, -85.06464385986328, -84.03286743164062, -84.79083251953125, -83.620361328125, -84.8184585571289, -83.5461654663086, -85.04496002197266, -83.91302490234375, -84.69058990478516, -84.07343292236328, -84.53472137451172, -83.78562927246094, -84.71673583984375, -83.85533142089844, -84.79071807861328, -83.83655548095703, -84.53767395019531, -83.46452331542969, -84.57608032226562, -83.41931915283203, -84.71781158447266, -83.4364242553711, -84.08312225341797, -83.3486557006836, -84.03598022460938, -83.39329528808594, -84.13143920898438, -83.38653564453125, -84.1503677368164, -83.25601196289062, -84.32813262939453, -83.3514175415039, -84.42264556884766, -83.37039947509766, -84.24154663085938, -83.01019287109375, -84.1123275756836, -82.82337951660156, -84.18138885498047, -83.4568862915039, -83.96033477783203, -83.28727722167969, -83.87647247314453, -83.03736877441406, -84.14254760742188, -83.2654037475586, -83.94428253173828, -82.9273681640625, -83.96514892578125, -82.83759307861328, -84.08783721923828, -82.8725357055664, -84.54810333251953, -83.42701721191406, -83.9669189453125, -83.34209442138672, -83.81995391845703, -83.10645294189453, -84.26493835449219, -83.42933654785156, -84.34675598144531, -83.45667266845703, -84.379638671875, -83.32685852050781, -84.24983215332031, -83.1202392578125, -84.56835174560547, -83.32259368896484, -84.92535400390625, -83.74876403808594, -84.23818969726562, -83.6236572265625, -84.3236083984375, -83.60332489013672, -84.68009185791016, -83.85235595703125, -84.69573974609375, -83.73245239257812, -84.865234375, -83.7900161743164, -84.9602279663086, -83.81477355957031, -85.22711181640625, -83.96080780029297, -85.23041534423828, -84.50401306152344, -85.0076675415039, -84.37162017822266, -85.15911102294922, -84.39915466308594, -85.32752227783203, -84.47791290283203, -85.41217041015625, -84.414306640625, -85.63394165039062, -84.5534896850586, -85.52880859375, -84.34514617919922, -86.2812728881836, -85.0062255859375, -86.0180892944336, -85.25109100341797, -85.68992614746094, -85.04582214355469, -86.23487091064453, -85.46631622314453, -86.11358642578125, -85.23871612548828, -86.25804138183594, -85.27310943603516, -86.25981903076172, -85.16389465332031, -86.41233825683594, -85.22120666503906, -86.59266662597656, -85.43444061279297, -86.30630493164062, -85.72161865234375, -86.78482818603516, -86.06489562988281, -86.71675872802734, -85.920166015625, -86.82363891601562, -85.9042739868164, -86.86199951171875, -85.85774993896484, -86.89134216308594, -85.74818420410156, -87.06475067138672, -85.87083435058594, -86.93806457519531, -85.77436065673828, -86.9814224243164, -86.33788299560547, -86.78074645996094, -86.02825164794922, -86.75736236572266, -85.93407440185547, -86.84383392333984, -85.90300750732422, -87.06771850585938, -86.05436706542969, -87.3082504272461, -86.17256164550781, -86.91421508789062, -85.65757751464844, -86.81698608398438, -86.09333038330078, -86.72198486328125, -86.04193878173828, -86.9081039428711, -86.1412353515625, -87.10052490234375, -86.2406997680664, -86.57537841796875, -85.57463073730469, -86.64453125, -85.5694580078125, -86.82937622070312, -85.59737396240234, -86.8021011352539, -85.51566314697266, -86.42464447021484, -85.6812515258789, -86.41967010498047, -85.70982360839844, -86.78202056884766, -86.02323913574219, -86.12396240234375, -85.17635345458984, -86.72649383544922, -85.76627349853516, -86.63491821289062, -85.53693389892578, -86.77007293701172, -85.5390625, -86.65110778808594, -85.55281829833984, -85.92953491210938, -85.33963775634766, -86.60395050048828, -85.8787841796875, -86.26083374023438, -85.48217010498047, -86.34422302246094, -85.45079803466797, -86.45616149902344, -85.42534637451172, -86.65178680419922, -85.48297882080078, -86.6574935913086, -85.39212799072266, -86.66096496582031, -85.50167083740234, -86.4847412109375, -85.86544036865234, -86.30581665039062, -85.56118774414062, -86.60342407226562, -85.77461242675781, -86.75730895996094, -85.77867126464844, -86.26282501220703, -85.23828125, -86.92697143554688, -85.78915405273438, -86.68733978271484, -85.42462158203125, -86.4891586303711, -85.79768371582031, -86.85275268554688, -86.20037078857422, -86.7675552368164, -85.98614501953125, -86.49498748779297, -85.63316345214844, -87.16817474365234, -86.16553497314453, -87.19401550292969, -86.15107727050781, -87.15370178222656, -85.95320129394531, -86.98869323730469, -85.68456268310547, -87.19133758544922, -86.49371337890625, -87.21994018554688, -86.53216552734375, -87.00065612792969, -86.25252532958984, -87.49068450927734, -86.62956237792969, -87.21781158447266, -86.23258209228516, -87.47647094726562, -86.40257263183594, -87.60111999511719, -86.38634490966797, -88.0829849243164, -86.98155212402344, -87.29731750488281, -86.69132995605469, -87.66890716552734, -86.9200668334961, -87.56958770751953, -86.83528900146484, -87.76880645751953, -86.80229187011719, -87.63285064697266, -86.60299682617188, -87.96256256103516, -86.88628387451172, -88.07215118408203, -86.83763122558594, -87.67066192626953, -86.4893798828125, -87.87619018554688, -87.25485229492188, -87.56324005126953, -86.81639862060547, -87.8138656616211, -86.97178649902344, -87.56344604492188, -86.65338134765625, -87.64845275878906, -86.62740325927734, -87.85984802246094, -86.70088958740234, -88.03641510009766, -86.77193450927734, -87.63572692871094, -86.93053436279297, -87.49369812011719, -86.84463500976562, -87.42022705078125, -86.6533432006836, -87.44304656982422, -86.61612701416016, -87.84439849853516, -86.86156463623047, -87.78907775878906, -86.70791625976562, -88.05010986328125, -86.87281799316406, -87.91861724853516, -86.59225463867188, -87.73453521728516, -86.99560546875, -87.60072326660156, -86.92528533935547, -87.5644760131836, -86.78144073486328, -87.74620819091797, -86.81575012207031, -87.644287109375, -86.66482543945312, -87.9880599975586, -86.87437438964844, -87.95802307128906, -86.77021789550781, -88.02362060546875, -86.88472747802734, -87.77989196777344, -87.18727111816406, -87.71409606933594, -86.99530792236328, -87.94805908203125, -87.11885833740234, -87.76582336425781, -86.837158203125, -87.88134002685547, -86.86154174804688, -87.96278381347656, -86.85640716552734, -87.99813079833984, -86.79464721679688, -88.10537719726562, -86.9676742553711, -87.6007308959961, -86.99021911621094, -87.87566375732422, -87.1384048461914, -88.09722900390625, -87.2427978515625, -87.9276123046875, -86.9901123046875, -87.85437774658203, -86.80706787109375, -87.920654296875, -86.7443618774414, -88.20214080810547, -86.9471664428711, -88.32902526855469, -87.60853576660156, -87.94506072998047, -87.30685424804688, -88.22579956054688, -87.46881103515625, -88.2807388305664, -87.41850280761719, -88.3386001586914, -87.37155151367188, -88.00029754638672, -86.9234390258789, -88.3414077758789, -87.19359588623047, -88.37513732910156, -87.12162780761719, -88.26536560058594, -87.5050048828125, -88.18077850341797, -87.51525115966797, -88.11617279052734, -87.31892395019531, -88.20834350585938, -87.3228988647461, -88.36920166015625, -87.3817367553711, -88.33899688720703, -87.20597839355469, -88.26203918457031, -87.08207702636719, -88.65865325927734, -87.51777648925781, -88.32112884521484, -87.78816223144531, -88.42676544189453, -87.72283172607422, -88.23260498046875, -87.45854187011719, -88.60589599609375, -87.70423126220703, -88.39640808105469, -87.38085174560547, -88.73085021972656, -87.62650299072266, -88.56587219238281, -87.34129333496094, -88.66805267333984, -87.54344940185547, -87.975830078125, -87.3782730102539, -88.11679077148438, -87.38040924072266, -88.3755111694336, -87.58399200439453, -88.08911895751953, -87.18290710449219, -88.32807159423828, -87.27954864501953, -88.3618392944336, -87.25796508789062, -88.72415161132812, -87.50096893310547, -88.90637969970703, -88.20391082763672, -88.18815612792969, -87.525634765625, -88.28407287597656, -87.52594757080078, -88.3979721069336, -87.56449890136719, -88.56270599365234, -87.57914733886719, -88.55502319335938, -87.4836196899414, -88.41834259033203, -87.24447631835938, -89.0963134765625, -87.85272216796875, -88.5269775390625, -87.76502227783203, -88.63656616210938, -87.96572875976562, -88.56716918945312, -87.82362365722656, -88.5935287475586, -87.69393157958984, -88.5475845336914, -87.59888458251953, -88.5516357421875, -87.47069549560547, -88.65409088134766, -87.4247055053711, -88.89793395996094, -87.78295135498047, -88.22207641601562, -87.63069152832031, -88.70901489257812, -88.06017303466797, -89.09783172607422, -88.33358001708984, -89.02464294433594, -88.14305114746094, -89.08779907226562, -88.06110382080078, -89.3888931274414, -88.30437469482422, -89.12084197998047, -87.8996353149414, -89.39726257324219, -88.30889892578125, -88.65310668945312, -88.00962829589844, -89.05083465576172, -88.37911224365234, -89.20606994628906, -88.45001983642578, -89.48468780517578, -88.60197448730469, -89.01102447509766, -87.94641876220703, -89.47381591796875, -88.35387420654297, -89.8792724609375, -88.65418243408203, -89.60272979736328, -88.89388275146484, -89.5060806274414, -88.84056091308594, -89.74684143066406, -88.98543548583984, -89.87034606933594, -89.05781555175781, -90.05254364013672, -89.0517578125, -89.8730239868164, -88.80986785888672, -90.41522216796875, -89.2821273803711, -90.5411605834961, -89.28253936767578, -90.21707153320312, -89.45453643798828, -90.47325134277344, -89.87848663330078, -90.95874786376953, -90.23007202148438, -90.78834533691406, -89.89102935791016, -90.79668426513672, -89.82723999023438, -91.28382873535156, -90.23466491699219, -91.27165222167969, -90.1234130859375, -91.6858901977539, -90.62003326416016, -90.8664779663086, -90.32528686523438, -91.66715240478516, -90.99996185302734, -91.40351867675781, -90.69795227050781, -91.80786895751953, -90.89637756347656, -92.04937744140625, -91.10242462158203, -92.12187194824219, -91.07551574707031, -92.17913055419922, -90.96590423583984, -92.44214630126953, -91.43323516845703, -91.90506744384766, -91.2639389038086, -92.09483337402344, -91.43341064453125, -92.19023895263672, -91.39987182617188, -92.18893432617188, -91.32066345214844, -92.43773651123047, -91.4485855102539, -92.24258422851562, -91.15573120117188, -92.3726577758789, -91.17681884765625, -92.31183624267578, -91.62675476074219, -92.4049072265625, -91.8244400024414, -91.89328002929688, -91.12443542480469, -92.30414581298828, -91.51486206054688, -92.211669921875, -91.32673645019531, -92.0304183959961, -91.02894592285156, -91.92383575439453, -90.80462646484375, -92.52684783935547, -91.34555053710938, -92.03262329101562, -91.36799621582031, -92.03251647949219, -91.36866760253906, -91.93234252929688, -91.22608184814453, -91.66443634033203, -90.87710571289062, -92.01374816894531, -91.10994720458984, -92.04159545898438, -91.01171112060547, -92.17827606201172, -91.07334899902344, -92.12939453125, -91.1020278930664, -91.71385955810547, -91.1582260131836, -92.10273742675781, -91.48985290527344, -91.95660400390625, -91.21393585205078, -92.14359283447266, -91.34588623046875, -92.31819915771484, -91.350341796875, -92.20015716552734, -91.12429809570312, -92.05128479003906, -90.8788833618164, -92.75562286376953, -91.71566772460938, -92.1969223022461, -91.6851577758789, -92.20475769042969, -91.48440551757812, -92.88256072998047, -92.0533676147461, -92.51470947265625, -91.60785675048828, -92.61367797851562, -91.67481231689453, -92.88761901855469, -91.79492950439453, -93.08073425292969, -91.95709991455078, -93.05269622802734, -92.27787017822266, -92.94355010986328, -92.40542602539062, -93.42009735107422, -92.77458190917969, -93.31684112548828, -92.43060302734375, -93.43421173095703, -92.56517028808594, -93.47200775146484, -92.45673370361328, -93.8293685913086, -92.80182647705078, -93.80145263671875, -92.6622314453125, -93.81392669677734, -93.12434387207031, -93.36731719970703, -92.76530456542969, -93.91921997070312, -93.18226623535156, -93.9565200805664, -93.19934844970703, -93.74689483642578, -92.7894287109375, -94.32571411132812, -93.32878875732422, -93.78553771972656, -92.62199401855469, -94.29173278808594, -93.32160949707031, -94.12210845947266, -93.54410552978516, -94.07072448730469, -93.48989868164062, -93.77738952636719, -93.0883560180664, -94.1214828491211, -93.34745788574219, -94.11909484863281, -93.16209411621094, -93.6045913696289, -92.56565856933594, -93.8434066772461, -92.74057006835938, -93.82801055908203, -92.76795196533203, -93.23377990722656, -92.63832092285156, -92.96480560302734, -92.32508087158203, -93.12689208984375, -92.31782531738281, -92.82725524902344, -91.93829345703125, -92.61986541748047, -91.66352844238281, -92.42301940917969, -91.28924560546875, -92.22799682617188, -91.04458618164062, -92.02660369873047, -91.34674072265625, -91.58097076416016, -91.01566314697266, -91.55030822753906, -90.7870864868164, -91.06263732910156, -90.26892852783203, -91.1927261352539, -90.247314453125, -90.80403137207031, -89.77083587646484, -90.25853729248047, -89.13153076171875, -90.32185363769531, -88.99942016601562, -90.18891143798828, -89.46824645996094, -89.46552276611328, -88.7997817993164, -89.39143371582031, -88.61930084228516, -89.696533203125, -88.81649780273438, -88.99864959716797, -88.01810455322266, -89.15013885498047, -88.1213150024414, -89.20512390136719, -87.96331024169922, -88.63567352294922, -87.49868774414062, -88.14338684082031, -87.58932495117188, -88.23358154296875, -87.55419921875, -87.5381088256836, -86.71996307373047, -87.46780395507812, -86.5682373046875, -87.81954956054688, -86.80584716796875, -87.5179672241211, -86.36449432373047, -87.75546264648438, -86.54403686523438, -87.09905242919922, -85.9455337524414, -86.76375579833984, -86.16911315917969, -87.22850799560547, -86.51971435546875, -86.91370391845703, -86.06097412109375, -86.6524887084961, -85.69847869873047, -86.84201049804688, -85.82234954833984, -86.56412506103516, -85.40656280517578, -86.71410369873047, -85.4767074584961, -99.33706665039062, -101.2762222290039, -86.38243865966797, -85.60643768310547, -86.72987365722656, -85.99341583251953, -86.63387298583984, -85.76815795898438, -86.00480651855469, -85.00492858886719, -86.55081939697266, -85.49983215332031, -86.332275390625, -85.14027404785156, -86.51746368408203, -85.22428894042969, -85.84815979003906, -85.09219360351562, -85.87879943847656, -85.21894836425781, -85.8743896484375, -85.10115051269531, -86.24242401123047, -85.35408020019531, -86.14179992675781, -85.19969177246094, -86.66107177734375, -85.56036376953125, -86.32276153564453, -85.09078216552734, -86.28396606445312, -84.9731674194336, -86.01332092285156, -85.22663879394531, -85.97575378417969, -85.25914764404297, -86.16287231445312, -85.35968780517578, -86.1341552734375, -85.20198059082031, -86.51463317871094, -85.50019073486328, -86.33104705810547, -85.15772247314453, -86.87667846679688, -85.6485366821289, -86.48770904541016, -85.33027648925781, -86.14569854736328, -85.56089782714844, -86.55441284179688, -85.83448028564453, -86.13864135742188, -85.26264953613281, -86.23406982421875, -85.28450012207031, -86.82127380371094, -85.79695129394531, -87.11836242675781, -86.0071029663086, -86.951904296875, -85.7001953125, -87.51560974121094, -86.41481018066406, -86.93290710449219, -86.2732925415039, -87.33818817138672, -86.60600280761719, -87.16064453125, -86.32195281982422, -87.44013977050781, -86.48076629638672, -87.4346694946289, -86.36801147460938, -87.71053314208984, -86.53326416015625, -88.19876098632812, -86.9452896118164, -87.94882202148438, -87.24288177490234, -87.98973846435547, -87.32032775878906, -88.50930786132812, -87.73477172851562, -88.25421905517578, -87.36615753173828, -89.01063537597656, -88.0318374633789, -88.97199249267578, -87.85891723632812, -89.32020568847656, -88.15725708007812, -89.5326156616211, -88.2554931640625, -89.78564453125, -89.06791687011719, -89.6465072631836, -88.8865737915039, -89.90164947509766, -89.13679504394531, -90.06681060791016, -89.19599151611328, -90.75764465332031, -89.81236267089844, -90.8544692993164, -89.77674102783203, -91.34613037109375, -90.19473266601562, -91.57854461669922, -90.47494506835938, -91.57669067382812, -91.00630950927734, -91.97843933105469, -91.34880065917969, -92.43666076660156, -91.69297790527344, -92.81910705566406, -91.95609283447266, -93.0841293334961, -92.13982391357422, -93.35379791259766, -92.3037109375, -93.73645782470703, -92.56373596191406, -94.30804443359375, -93.37184143066406, -94.63906860351562, -94.09071350097656, -94.97360229492188, -94.30553436279297, -95.56269836425781, -94.77617645263672, -96.1166763305664, -95.34153747558594, -96.15409851074219, -95.29268646240234, -96.79615020751953, -95.92223358154297, -97.42230224609375, -96.45917510986328, -97.85546875, -97.22367858886719, -98.22674560546875, -97.88494110107422, -98.83657836914062, -98.27473449707031, -99.51952362060547, -98.9490737915039, -100.16915130615234, -99.58756256103516, -100.29835510253906, -99.71200561523438, -100.82544708251953, -100.2701644897461, -101.51325988769531, -101.15288543701172, -101.95902252197266, -101.6838607788086, -102.08208465576172, -101.8980712890625, -101.91336822509766, -102.0032730102539, -102.1803970336914, -101.92545318603516, -102.3206558227539, -101.73051452636719, -101.84159851074219, -101.51091003417969, -101.53509521484375, -101.08438873291016, -101.17498016357422, -100.8205337524414, -100.54084777832031, -100.19271087646484, -100.26178741455078, -99.83154296875, -99.18840026855469, -98.71847534179688, -98.80834197998047, -98.12580871582031, -98.25018310546875, -97.48246765136719, -97.9393310546875, -97.15705871582031, -97.28421020507812, -96.20269775390625, -96.69248962402344, -95.68787384033203, -96.14275360107422, -95.62968444824219, -95.64993286132812, -94.92404174804688, -95.35118865966797, -94.64521789550781, -95.12714385986328, -94.33319091796875, -94.37895965576172, -93.30390930175781, -94.34656524658203, -93.21233367919922, -93.78913879394531, -92.51969146728516, -93.60589599609375, -92.88728332519531, -92.68421173095703, -92.03839111328125, -92.46015167236328, -91.76423645019531, -92.24212646484375, -91.38616943359375, -92.04656219482422, -91.0578384399414, -92.03810119628906, -90.94634246826172, -91.81423950195312, -90.6919174194336, -91.42646026611328, -90.17639923095703, -91.21730041503906, -90.4765625, -90.62562561035156, -89.96698760986328, -90.74907684326172, -89.94637298583984, -90.72377014160156, -89.87462615966797, -90.3783950805664, -89.33429718017578, -90.54435729980469, -89.45469665527344, -90.28422546386719, -89.10126495361328, -90.232177734375, -89.11707305908203, -89.9150161743164, -89.2887191772461, -89.50574493408203, -88.76941680908203, -89.68761444091797, -88.91923522949219, -89.27980041503906, -88.32734680175781, -89.60221862792969, -88.62068939208984, -89.23200988769531, -88.05889129638672, -89.01116180419922, -87.78265380859375, -89.53988647460938, -88.3550033569336, -88.68232727050781, -88.05360412597656, -88.52711486816406, -87.79615020751953, -88.40233612060547, -87.51324462890625, -88.5203857421875, -87.62090301513672, -88.22528839111328, -87.18144226074219, -88.5549545288086, -87.358154296875, -88.48377227783203, -87.20240783691406, -87.85651397705078, -87.1001968383789, -87.85505676269531, -87.19959259033203, -87.7031478881836, -86.93522644042969, -87.83146667480469, -86.95272064208984, -87.70875549316406, -86.73194885253906, -87.4647445678711, -86.36334228515625, -87.82380676269531, -86.58489227294922, -87.54360961914062, -86.24375915527344, -87.2896499633789, -86.5177993774414, -86.9129409790039, -86.24017333984375, -86.97061157226562, -86.15186309814453, -86.9691390991211, -86.09249877929688, -86.91854095458984, -85.89008331298828, -87.3840560913086, -86.28591918945312, -87.04083251953125, -85.81603240966797, -87.29076385498047, -86.1295166015625, -86.80744934082031, -86.14823150634766, -86.56627655029297, -85.85286712646484, -86.4505615234375, -85.59321594238281, -86.40523529052734, -85.4825439453125, -86.47631072998047, -85.44760131835938, -86.54156494140625, -85.3924331665039, -86.50018310546875, -85.23087310791016, -86.3943862915039, -85.18728637695312, -86.01908874511719, -85.387939453125, -86.1762924194336, -85.42068481445312, -86.07237243652344, -85.24068450927734, -86.2002944946289, -85.20843505859375, -86.43042755126953, -85.3608169555664, -86.25572967529297, -85.07748413085938, -86.21356201171875, -84.9268798828125, -86.04353332519531, -85.2846908569336, -85.98104858398438, -85.29654693603516, -86.01968383789062, -85.25457000732422, -85.80846405029297, -84.92147064208984, -86.20250701904297, -85.21720123291016, -86.31684112548828, -85.22391510009766, -86.41495513916016, -85.23702239990234, -86.35977172851562, -85.05573272705078, -86.32215881347656, -85.5461196899414, -86.11079406738281, -85.41820526123047, -86.2715072631836, -85.46711730957031, -86.41677856445312, -85.50225830078125, -86.26119232177734, -85.24948120117188, -86.37217712402344, -85.24381256103516, -86.49161529541016, -85.24272918701172, -86.43238067626953, -85.2673568725586, -86.12068176269531, -85.51910400390625, -86.46142578125, -85.73392486572266, -86.45967102050781, -85.6105728149414, -86.73479461669922, -85.80731201171875, -86.97926330566406, -85.9548568725586, -86.85513305664062, -85.70668029785156, -87.23816680908203, -85.98310089111328, -87.11017608642578, -85.95012664794922, -86.6816177368164, -86.010498046875, -87.34305572509766, -86.62324523925781, -87.04447937011719, -86.19776153564453, -87.37397003173828, -86.41709899902344, -87.07713317871094, -86.0281982421875, -87.3960189819336, -86.21710968017578, -87.35649871826172, -86.04132080078125, -87.20655059814453, -86.47091674804688, -87.12435913085938, -86.45548248291016, -87.1816177368164, -86.39236450195312, -87.240478515625, -86.36458587646484, -87.51641082763672, -86.5394058227539, -87.77194213867188, -86.68110656738281, -87.45071411132812, -86.2033920288086, -87.71955108642578, -86.41082763671875, -87.06574249267578, -86.29300689697266, -87.03263092041016, -86.3388900756836, -87.2551040649414, -86.47369384765625, -87.43984985351562, -86.53275299072266, -87.39177703857422, -86.33512878417969, -87.27899932861328, -86.15983581542969, -87.46077728271484, -86.20471954345703, -87.40390014648438, -86.2999496459961, -86.93961334228516, -86.32470703125, -87.13428497314453, -86.42715454101562, -87.12296295166016, -86.30416870117188, -87.37666320800781, -86.45001983642578, -87.15235137939453, -86.0662841796875, -87.11736297607422, -85.99551391601562, -87.50371551513672, -86.27096557617188, -87.49327850341797, -86.32560729980469, -87.02570343017578, -86.3650894165039, -87.04222869873047, -86.31237030029297, -87.0267562866211, -86.19053649902344, -86.923828125, -85.98493957519531, -87.29954528808594, -86.25054931640625, -87.4106216430664, -86.24312591552734, -87.34628295898438, -86.05475616455078, -87.07898712158203, -86.33421325683594, -87.46652221679688, -86.81182861328125, -87.06526947021484, -86.30364227294922, -87.1501235961914, -86.27232360839844, -87.3982162475586, -86.41159057617188, -87.56935119628906, -86.49847412109375, -87.7153549194336, -86.54428100585938, -87.52169036865234, -86.21220397949219, -87.30769348144531, -86.50418090820312, -87.13324737548828, -86.49214172363281, -87.19445037841797, -86.40414428710938, -87.61192321777344, -86.7054672241211, -87.22464752197266, -86.1888198852539, -87.47249603271484, -86.37398529052734, -87.56693267822266, -86.34811401367188, -87.87601470947266, -86.76612091064453, -87.46819305419922, -86.81183624267578, -87.69151306152344, -86.96758270263672, -87.68177032470703, -86.82112884521484, -87.66162872314453, -86.71978759765625, -87.60298919677734, -86.548095703125, -88.0188980102539, -86.88776397705078, -87.94949340820312, -86.69812774658203, -88.15272521972656, -86.98733520507812, -87.76856994628906, -87.16903686523438, -88.22389221191406, -87.49050903320312, -88.36408233642578, -87.52532196044922, -88.29471588134766, -87.32655334472656, -88.3897705078125, -87.35881805419922, -88.80677795410156, -87.68798828125, -88.74331665039062, -87.51197814941406, -88.65058135986328, -87.87064361572266, -88.57280731201172, -87.86953735351562, -88.5365982055664, -87.81856536865234, -88.77344512939453, -87.9144515991211, -88.93225860595703, -87.95137023925781, -88.9448471069336, -87.87940979003906, -89.20870208740234, -88.06169128417969, -89.43212890625, -88.21318054199219, -89.39994049072266, -88.64239501953125, -89.11441040039062, -88.43031311035156, -89.20940399169922, -88.39592742919922, -88.8999252319336, -88.00446319580078, -89.18916320800781, -88.22100830078125, -89.41002655029297, -88.32554626464844, -89.64090728759766, -88.45118713378906, -89.6897964477539, -88.60104370117188, -89.4010238647461, -88.85318756103516, -89.50968170166016, -88.77021026611328, -89.45410919189453, -88.65603637695312, -89.4327621459961, -88.51956176757812, -89.78475189208984, -88.81060791015625, -89.38038635253906, -88.2278823852539, -89.60588836669922, -88.38450622558594, -89.20575714111328, -88.0548324584961, -89.23675537109375, -88.60568237304688, -88.8475570678711, -88.1368408203125, -88.73027801513672, -87.91856384277344, -88.78457641601562, -87.85745239257812, -89.0518798828125, -88.04054260253906, -89.17936706542969, -88.05865478515625, -88.71161651611328, -87.4289321899414, -88.52566528320312, -87.7995834350586, -87.9998550415039, -87.37496185302734, -88.17574310302734, -87.42928314208984, -87.9964828491211, -87.08396911621094, -87.7205810546875, -86.73220825195312, -88.04325103759766, -86.97660064697266, -87.78028869628906, -86.58756256103516, -87.57752227783203, -86.27214050292969, -87.4609603881836, -86.72371673583984, -86.80770111083984, -86.10123443603516, -87.08319854736328, -86.31401824951172, -86.7533187866211, -85.80103302001953, -87.0901870727539, -86.0445785522461, -86.82361602783203, -85.68132019042969, -86.2198257446289, -85.00523376464844, -86.58777618408203, -85.43689727783203, -86.26602172851562, -85.6641616821289, -85.99667358398438, -85.2411880493164, -85.95555877685547, -85.1363754272461, -85.97225189208984, -85.02154541015625, -85.6979751586914, -84.66879272460938, -85.65567779541016, -84.49258422851562, -85.58490753173828, -84.33878326416016, -85.8917465209961, -84.71501159667969, -85.20761108398438, -84.55108642578125, -85.26844024658203, -84.51183319091797, -85.12264251708984, -84.2568359375, -85.30187225341797, -84.345458984375, -85.25157165527344, -84.19304656982422, -85.21141815185547, -84.017333984375, -85.18058013916016, -83.91643524169922, -84.5924301147461, -83.83403778076172, -84.74559020996094, -84.0810775756836, -84.94622802734375, -84.18048095703125, -84.63388061523438, -83.75531768798828, -84.8032455444336, -83.83841705322266, -84.80778503417969, -83.71464538574219, -85.05367279052734, -83.8734130859375, -84.78864288330078, -83.4695053100586, -84.92727661132812, -84.16827392578125, -84.65892791748047, -83.96971130371094, -84.95597839355469, -84.16024017333984, -84.9111099243164, -83.9995346069336, -84.70282745361328, -83.70408630371094, -84.86611938476562, -83.772216796875, -84.97396850585938, -83.74124145507812, -85.34825897216797, -84.23783111572266, -84.53013610839844, -83.9255599975586, -84.76787567138672, -84.09188842773438, -84.90941619873047, -84.08355712890625, -85.18669128417969, -84.23832702636719, -84.99496459960938, -83.98969268798828, -85.35518646240234, -84.218994140625, -85.36109924316406, -84.1034927368164, -85.44380950927734, -84.25366973876953, -84.95331573486328, -84.29650115966797, -84.9406967163086, -84.20127868652344, -85.14483642578125, -84.29195404052734, -85.37486267089844, -84.44805145263672, -85.82048034667969, -84.80860137939453, -85.60006713867188, -84.4427490234375, -85.73389434814453, -84.44477081298828, -85.62953186035156, -84.87776947021484, -85.51884460449219, -84.87332153320312, -85.42992401123047, -84.67192840576172, -85.84262084960938, -84.94868469238281, -85.74400329589844, -84.76222229003906, -86.18943786621094, -85.09029388427734, -86.14643859863281, -84.98663330078125, -86.25005340576172, -84.94679260253906, -86.4428939819336, -85.70684051513672, -86.2301025390625, -85.51998138427734, -86.59373474121094, -85.82455444335938, -86.58157348632812, -85.67323303222656, -86.99174499511719, -85.97306823730469, -87.2802505493164, -86.17546081542969, -87.44036865234375, -86.19855499267578, -87.46485900878906, -86.39319610595703, -87.4040298461914, -86.83482360839844, -87.47565460205078, -86.75347137451172, -87.72988891601562, -86.9210205078125, -88.03526306152344, -87.13419342041016, -88.27892303466797, -87.20978546142578, -88.59336853027344, -87.47626495361328, -88.54351043701172, -87.27237701416016, -89.02838134765625, -87.9509506225586, -88.65069580078125, -88.01134490966797, -88.6946029663086, -88.0234375, -89.07769775390625, -88.21833038330078, -89.11398315429688, -88.21484375, -89.64485168457031, -88.60441589355469, -89.32238006591797, -88.20681762695312, -89.66486358642578, -88.45262908935547, -89.65342712402344, -88.97561645507812, -89.72342681884766, -89.07882690429688, -89.97763061523438, -89.25126647949219, -89.84293365478516, -88.96410369873047, -90.14535522460938, -89.22981262207031, -90.07682037353516, -89.00930786132812, -90.06231689453125, -88.89167022705078, -90.40869140625, -89.1385726928711, -90.38687133789062, -89.6043472290039, -89.88561248779297, -89.20748901367188, -90.07901763916016, -89.28211212158203, -89.92438507080078, -89.10420989990234, -90.18104553222656, -89.20243072509766, -90.21844482421875, -89.12788391113281, -90.12886047363281, -88.93790435791016, -89.84125518798828, -88.7120590209961, -89.7724609375, -89.12346649169922, -89.72703552246094, -89.10102844238281, -89.59848022460938, -88.8087158203125, -89.58710479736328, -88.6576156616211, -89.73695373535156, -88.7427749633789, -100.98286437988281, -102.89329528808594, -102.9856948852539, -102.89236450195312, -102.84673309326172, -102.83680725097656, -103.24288177490234, -103.07232666015625, -103.04949951171875, -103.02825927734375, -103.0858154296875, -103.25989532470703, -103.3017807006836, -102.99568939208984, -102.9699935913086, -102.96465301513672, -103.17227172851562, -102.98571014404297, -103.019287109375, -103.02641296386719, -102.98822021484375, -102.70997619628906, -102.87315368652344, -102.88743591308594, -103.17242431640625, -103.31326293945312, -102.82810974121094, -102.5579605102539, -102.8667984008789, -102.85850524902344, -102.76991271972656, -103.03962707519531, -103.09896850585938, -103.02327728271484, -102.7887191772461, -102.54923248291016, -102.9820556640625, -102.91594696044922, -102.88629150390625, -103.14822387695312, -103.30535125732422, -103.15242004394531, -102.91653442382812, -102.98658752441406, -103.12358093261719, -102.96505737304688, -103.11917877197266, -103.1454849243164, -102.84642791748047, -102.96315002441406, -102.99675750732422, -103.06355285644531, -103.08683776855469, -103.05810546875, -103.09406280517578, -102.924072265625, -102.92743682861328, -102.91404724121094, -102.8723373413086, -102.97200012207031, -103.03045654296875, -103.09553527832031, -103.05435180664062, -103.10784149169922, -103.22714233398438, -103.16305541992188, -103.24454498291016, -103.24347686767578, -103.33003997802734, -103.23419189453125, -103.09423828125, -103.11284637451172, -103.08323669433594, -102.98788452148438, -103.0074234008789, -103.212646484375, -103.44793701171875, -103.31158447265625, -103.24454498291016, -103.1707992553711, -103.15242004394531, -103.07357788085938, -103.14857482910156, -103.38146209716797, -103.11984252929688, -102.90180206298828, -103.11164093017578, -103.12679290771484, -102.92363739013672, -102.62908935546875, -102.85834503173828, -103.00605010986328, -103.13780212402344, -103.20293426513672, -103.12203216552734, -102.8804931640625, -103.09854888916016, -102.96150207519531, -103.03935241699219, -103.14886474609375, -103.03729248046875, -102.94048309326172, -103.14995574951172, -103.16864776611328, -102.87696838378906, -103.01985931396484, -103.11856842041016, -103.0584945678711, -103.19979858398438, -103.0732192993164, -102.98382568359375, -103.12671661376953, -102.9548110961914, -102.86705780029297, -102.89410400390625, -102.965087890625, -103.14559936523438, -103.16040802001953, -102.93339538574219, -102.9981689453125, -103.03303527832031, -103.07402801513672, -103.32331085205078, -103.12997436523438, -103.29402160644531, -103.35481262207031, -103.27493286132812, -103.11022186279297, -103.02232360839844, -102.9553451538086, -103.08840942382812, -103.04647064208984, -103.08123779296875, -102.92572021484375, -103.0394515991211, -103.13636016845703, -103.32122802734375, -103.17236328125, -103.08753204345703, -103.02120208740234, -102.94759368896484, -103.13668060302734, -103.05208587646484, -102.83023834228516, -102.88130950927734, -103.09237670898438, -102.95367431640625, -103.04182434082031, -102.90941619873047, -103.10979461669922, -103.35102081298828, -103.13544464111328, -103.15056610107422, -103.1990737915039, -103.21624755859375, -103.2872314453125, -103.06440734863281, -103.23942565917969, -103.21731567382812, -103.07855987548828, -102.87458801269531, -102.93914031982422, -102.97541046142578, -102.97026824951172, -103.111328125, -103.1414794921875, -103.31270599365234, -103.17081451416016, -103.12406921386719, -103.20872497558594, -103.11536407470703, -103.04634094238281, -102.97797393798828, -103.17325592041016, -103.07890319824219, -102.92965698242188, -102.94049072265625, -102.99097442626953, -103.21308135986328, -103.407958984375, -103.420166015625, -103.10310363769531, -102.90441131591797, -102.88072967529297, -102.8600082397461, -103.0174789428711, -103.06137084960938, -103.05201721191406, -103.15373992919922, -103.19779968261719, -103.20938110351562, -103.00660705566406, -103.09986114501953, -103.01776885986328, -102.90308380126953, -103.03376007080078, -102.96607971191406, -102.93949890136719, -102.9167251586914, -102.84781646728516, -103.06535339355469, -103.28045654296875, -103.013671875, -102.91389465332031, -103.05818176269531, -102.92839050292969, -103.17604064941406, -103.22224426269531, -103.07952880859375, -103.27965545654297, -103.01806640625, -102.9034423828125, -103.12735748291016, -103.16676330566406, -103.00012969970703, -103.10396575927734, -103.23294067382812, -102.99176788330078, -102.87853240966797, -102.80188751220703, -102.8671875, -103.1678466796875, -103.06243133544922];
200008;0x6300630063006300630063006300630063006300630063006300630063006300;-88.32661841812309;-71.05198455669904;21.03453827490834;3.55;3.98;4.44668888888889;1.31;3.283611111111111;7.02;[-102.9277114868164, -102.83353424072266, -102.58753967285156, -102.80594635009766, -102.98686218261719, -102.89268493652344, -102.96936798095703, -103.06181335449219, -102.88358306884766, -102.7249755859375, -102.88385772705078, -102.94850158691406, -102.93339538574219, -103.09309387207031, -103.08815002441406, -102.69014739990234, -102.61991882324219, -102.86940002441406, -102.7597885131836, -102.80398559570312, -102.74360656738281, -102.71526336669922, -102.5454330444336, -102.70403289794922, -102.70177459716797, -102.77293395996094, -102.88555145263672, -102.86949920654297, -102.79389953613281, -102.8664779663086, -102.78372192382812, -102.63765716552734, -102.62088775634766, -102.81619262695312, -102.76812744140625, -102.76139068603516, -102.62571716308594, -102.62566375732422, -102.77883911132812, -102.91480255126953, -102.4574966430664, -102.67926025390625, -102.83529663085938, -102.84454345703125, -102.74793243408203, -102.9327392578125, -102.9249267578125, -102.64472961425781, -102.67333984375, -102.82486724853516, -102.84889221191406, -102.84367370605469, -102.64508056640625, -102.44414520263672, -102.44835662841797, -102.80384826660156, -102.69635009765625, -102.69200897216797, -102.31526184082031, -102.3590087890625, -102.51026916503906, -102.7491226196289, -102.70275115966797, -102.36345672607422, -102.37068176269531, -102.76923370361328, -103.1091079711914, -102.86823272705078, -102.78498077392578, -102.7574462890625, -102.47024536132812, -102.59957885742188, -102.77890014648438, -102.49738311767578, -102.38179016113281, -102.81695556640625, -102.8485336303711, -102.77041625976562, -102.6160659790039, -102.8117904663086, -102.91376495361328, -102.5594253540039, -102.7824935913086, -102.74454498291016, -102.80960845947266, -102.71192932128906, -102.62515258789062, -102.67491149902344, -102.551513671875, -102.75455474853516, -103.0568618774414, -103.1554183959961, -102.94053649902344, -102.9511489868164, -102.90782928466797, -102.94402313232422, -103.00745391845703, -102.89283752441406, -102.6727066040039, -102.63726806640625, -102.59539031982422, -102.7385025024414, -102.8680191040039, -103.01811981201172, -102.93324279785156, -102.95049285888672, -102.93498992919922, -103.07380676269531, -102.88513946533203, -103.03984069824219, -103.09718322753906, -102.59783935546875, -102.3708267211914, -103.05343627929688, -102.8631591796875, -102.66355895996094, -102.590087890625, -102.8742904663086, -103.02649688720703, -102.96756744384766, -102.94609069824219, -102.7879867553711, -102.9189224243164, -102.89968872070312, -102.74971008300781, -102.98895263671875, -102.7786865234375, -102.7886962890625, -102.88484191894531, -102.82382202148438, -102.85488891601562, -102.91950988769531, -102.96531677246094, -102.87821960449219, -102.95291137695312, -102.79883575439453, -102.81238555908203, -102.76783752441406, -102.68069458007812, -102.71812438964844, -102.85348510742188, -102.98970031738281, -102.91250610351562, -102.8291244506836, -102.85792541503906, -102.60066223144531, -102.63798522949219, -102.6651611328125, -102.61162567138672, -102.80166625976562, -102.75359344482422, -102.8425521850586, -102.74385833740234, -102.83265686035156, -102.85743713378906, -102.99977111816406, -102.83489227294922, -102.92147064208984, -102.97087097167969, -102.87547302246094, -103.01666259765625, -102.74971008300781, -102.6468505859375, -102.65653228759766, -102.82962799072266, -102.71405792236328, -102.6596450805664, -102.96389770507812, -102.79153442382812, -102.82720947265625, -102.99246978759766, -103.02162170410156, -103.06465911865234, -102.99932861328125, -102.82718658447266, -102.9178695678711, -102.89374542236328, -102.81316375732422, -102.970458984375, -102.9154281616211, -102.88151550292969, -103.1038818359375, -103.14156341552734, -103.09637451171875, -103.11798095703125, -102.98400115966797, -102.935546875, -102.94435119628906, -102.80268859863281, -102.8507308959961, -102.90894317626953, -102.8548355102539, -102.82144927978516, -102.68292236328125, -102.84939575195312, -102.902587890625, -102.98139953613281, -102.97392272949219, -102.99580383300781, -103.12910461425781, -103.07679748535156, -103.09320068359375, -103.09046173095703, -102.69634246826172, -102.77212524414062, -102.9644775390625, -103.07644653320312, -102.82070922851562, -102.67720794677734, -102.83850860595703, -102.870849609375, -103.04422760009766, -102.80402374267578, -102.86474609375, -103.00609588623047, -102.90116119384766, -102.89664459228516, -102.99174499511719, -102.68726348876953, -102.95890045166016, -102.96661376953125, -103.05313110351562, -101.92922973632812, -89.19840240478516, -88.23477172851562, -89.62874603271484, -88.6937026977539, -89.66204071044922, -88.57763671875, -89.3778076171875, -88.20314025878906, -89.08379364013672, -87.81644439697266, -89.05268859863281, -88.31665802001953, -89.08982849121094, -88.4741439819336, -89.35313415527344, -88.5782241821289, -89.27117919921875, -88.40210723876953, -89.059814453125, -88.04509735107422, -89.1740951538086, -88.09986877441406, -89.40656280517578, -88.24703979492188, -89.45467376708984, -88.27681732177734, -88.51937866210938, -87.9205322265625, -88.6058578491211, -87.91351318359375, -88.49708557128906, -87.71495819091797, -88.2840805053711, -87.3595199584961, -88.40155029296875, -87.40032196044922, -88.40290069580078, -87.27239990234375, -88.56979370117188, -87.35230255126953, -88.53764343261719, -87.43480682373047, -88.20079803466797, -87.5661392211914, -87.97683715820312, -87.22209930419922, -88.38494873046875, -87.58842468261719, -87.84993743896484, -86.85628509521484, -87.93988800048828, -86.87948608398438, -88.23499298095703, -87.10753631591797, -87.96736145019531, -86.70185089111328, -88.02336883544922, -87.30831909179688, -87.46775817871094, -86.76618194580078, -87.50325775146484, -86.72205352783203, -87.6956787109375, -86.86473846435547, -87.64141845703125, -86.67851257324219, -87.49626159667969, -86.46329498291016, -87.30535888671875, -86.10206604003906, -87.55204772949219, -86.24295043945312, -87.28124237060547, -86.5323715209961, -87.00537872314453, -86.33927917480469, -86.86139678955078, -86.06678771972656, -86.64045715332031, -85.71965789794922, -86.73322296142578, -85.71295166015625, -86.81059265136719, -85.74493408203125, -87.03994750976562, -85.83942413330078, -86.77515411376953, -85.62069702148438, -86.38792419433594, -85.79740905761719, -86.22901153564453, -85.52615356445312, -86.26551055908203, -85.43498229980469, -86.3218002319336, -85.39180755615234, -86.15621948242188, -85.12972259521484, -85.85833740234375, -84.70647430419922, -85.92544555664062, -84.6775131225586, -86.01211547851562, -84.8678207397461, -85.6887435913086, -85.09247589111328, -85.56547546386719, -84.828369140625, -85.65988159179688, -84.8153076171875, -85.7469711303711, -84.8021240234375, -85.53428649902344, -84.43016052246094, -85.50943756103516, -84.35181427001953, -85.60752868652344, -84.3475570678711, -85.03408813476562, -84.28789520263672, -84.9417953491211, -84.29805755615234, -85.07884216308594, -84.2975845336914, -85.0802001953125, -84.18822479248047, -85.22279357910156, -84.22480773925781, -85.29768371582031, -84.20574951171875, -85.0689697265625, -83.8753433227539, -84.9416275024414, -83.65074920654297, -85.06531524658203, -84.33045959472656, -84.85636138916016, -84.1556625366211, -84.68634796142578, -83.85570526123047, -84.97454833984375, -84.10012817382812, -84.81610107421875, -83.79828643798828, -84.7107925415039, -83.60533142089844, -84.88854217529297, -83.68897247314453, -85.3286361694336, -84.20417022705078, -84.72669219970703, -84.11724090576172, -84.633544921875, -83.93753814697266, -85.03055572509766, -84.21499633789062, -85.15052032470703, -84.21623992919922, -85.14029693603516, -84.0998764038086, -84.97615814208984, -83.84716796875, -85.30823516845703, -84.07268524169922, -85.55147552490234, -84.40799713134766, -85.04715728759766, -84.42461395263672, -85.10155487060547, -84.33386993408203, -85.40452575683594, -84.54913330078125, -85.4630355834961, -84.51654815673828, -85.61119842529297, -84.54888916015625, -85.69375610351562, -84.54141235351562, -85.98355102539062, -84.7361068725586, -85.96041870117188, -85.23316192626953, -85.78914642333984, -85.14454650878906, -85.88208770751953, -85.12014770507812, -86.075439453125, -85.20110321044922, -86.15043640136719, -85.20380401611328, -86.37036895751953, -85.30130004882812, -86.31684112548828, -85.13357543945312, -87.06497192382812, -85.78531646728516, -86.78924560546875, -86.02946472167969, -86.49573516845703, -85.82714080810547, -87.07080841064453, -86.27526092529297, -86.9069595336914, -86.02269744873047, -87.07085418701172, -86.0712661743164, -87.18721771240234, -86.08631134033203, -87.30513000488281, -86.1080093383789, -87.4635009765625, -86.3498306274414, -87.1533432006836, -86.61074829101562, -87.69078063964844, -87.01653289794922, -87.65587615966797, -86.84559631347656, -87.78006744384766, -86.88278198242188, -87.85533142089844, -86.81675720214844, -87.93963623046875, -86.8064193725586, -88.12688446044922, -86.90304565429688, -87.90929412841797, -86.79702758789062, -87.94029998779297, -87.32032775878906, -87.7657241821289, -87.03443145751953, -87.77889251708984, -86.93653869628906, -87.80184936523438, -86.85054016113281, -88.09825134277344, -87.06366729736328, -88.42713165283203, -87.26116180419922, -87.9462661743164, -86.73036193847656, -87.83899688720703, -87.14442443847656, -87.72332000732422, -87.07292175292969, -87.9212417602539, -87.15827178955078, -88.06926727294922, -87.21477508544922, -87.5947265625, -86.6129379272461, -87.72771453857422, -86.66243743896484, -87.8230209350586, -86.64482116699219, -87.79022979736328, -86.47004699707031, -87.38961791992188, -86.6030044555664, -87.40076446533203, -86.72320556640625, -87.75481414794922, -86.97364044189453, -87.12295532226562, -86.20879364013672, -87.71272277832031, -86.7042007446289, -87.62067413330078, -86.5206298828125, -87.68494415283203, -86.46868896484375, -87.65534210205078, -86.5225601196289, -86.84925079345703, -86.2521743774414, -87.49932098388672, -86.8355941772461, -87.2286376953125, -86.35710144042969, -87.25395202636719, -86.36268615722656, -87.3890609741211, -86.36573028564453, -87.575927734375, -86.41925048828125, -87.50493621826172, -86.27564239501953, -87.50936126708984, -86.3854751586914, -87.42303466796875, -86.81962585449219, -87.22914123535156, -86.4483871459961, -87.41600799560547, -86.58807373046875, -87.5473403930664, -86.58570861816406, -87.17315673828125, -86.11980438232422, -87.67729949951172, -86.57504272460938, -87.6074447631836, -86.3196792602539, -87.34461212158203, -86.64305877685547, -87.70455932617188, -87.06753540039062, -87.61621856689453, -86.85912322998047, -87.34253692626953, -86.49650573730469, -88.0244369506836, -87.1148452758789, -88.05036163330078, -86.95620727539062, -87.94691467285156, -86.79253387451172, -87.909423828125, -86.58670806884766, -88.0743408203125, -87.37333679199219, -88.11556243896484, -87.40757751464844, -87.96356201171875, -87.18790435791016, -88.3431396484375, -87.50149536132812, -88.1333236694336, -87.12789154052734, -88.36664581298828, -87.24876403808594, -88.45259857177734, -87.23929595947266, -88.94733428955078, -87.88692474365234, -88.24980163574219, -87.67897033691406, -88.5905532836914, -87.88139343261719, -88.51433563232422, -87.6843490600586, -88.71624755859375, -87.81234741210938, -88.6151123046875, -87.58250427246094, -89.00637817382812, -87.88533782958984, -89.1148452758789, -87.88230895996094, -88.67706298828125, -87.50347900390625, -88.87633514404297, -88.29481506347656, -88.59819793701172, -87.8745346069336, -88.84785461425781, -88.04717254638672, -88.6097183227539, -87.6526870727539, -88.66751861572266, -87.63446807861328, -88.91088104248047, -87.78308868408203, -89.132080078125, -87.87093353271484, -88.79950714111328, -88.10325622558594, -88.58033752441406, -87.89615631103516, -88.58476257324219, -87.8735122680664, -88.64842224121094, -87.82722473144531, -89.04462432861328, -88.08659362792969, -88.90290069580078, -87.83980560302734, -89.14904022216797, -87.97557067871094, -89.08038330078125, -87.74657440185547, -88.90349578857422, -88.15396881103516, -88.74492645263672, -88.09976959228516, -88.85425567626953, -88.05692291259766, -88.90840911865234, -88.00830078125, -88.93202209472656, -87.94871520996094, -89.24610137939453, -88.23841094970703, -89.32913970947266, -88.10527038574219, -89.37491607666016, -88.28263092041016, -89.1226577758789, -88.4634017944336, -88.90995025634766, -88.24224853515625, -89.25646209716797, -88.40444946289062, -89.1546401977539, -88.2465591430664, -89.32353973388672, -88.32720184326172, -89.3320083618164, -88.21127319335938, -89.33863067626953, -88.18611145019531, -89.5668716430664, -88.3861312866211, -88.94725799560547, -88.39393615722656, -89.26544189453125, -88.55464935302734, -89.4643325805664, -88.67212677001953, -89.31010437011719, -88.39728546142578, -89.31163787841797, -88.22882843017578, -89.3985366821289, -88.24068450927734, -89.66081237792969, -88.39066314697266, -89.83572387695312, -89.10147094726562, -89.41802978515625, -88.74519348144531, -89.61561584472656, -88.92505645751953, -89.7342758178711, -88.94192504882812, -89.8254165649414, -88.89253234863281, -89.5649642944336, -88.55167388916016, -89.89999389648438, -88.73570251464844, -89.87582397460938, -88.64832305908203, -89.80541229248047, -89.08324432373047, -89.70955657958984, -89.07498931884766, -89.67681884765625, -88.88654327392578, -89.7947006225586, -88.93865966796875, -89.8816909790039, -88.9412612915039, -89.86112976074219, -88.7878189086914, -89.85893249511719, -88.64424896240234, -90.20463562011719, -89.13870239257812, -89.89855194091797, -89.31062316894531, -89.95069122314453, -89.26808166503906, -89.81480407714844, -89.04731750488281, -90.1718521118164, -89.29006958007812, -89.9627685546875, -88.93402099609375, -90.29440307617188, -89.17766571044922, -90.06368255615234, -88.86405181884766, -90.25020599365234, -89.10224151611328, -89.53748321533203, -88.90937805175781, -89.64148712158203, -88.91888427734375, -89.93659210205078, -89.12201690673828, -89.65501403808594, -88.74653625488281, -89.82093811035156, -88.80941009521484, -89.86128234863281, -88.72314453125, -90.24317169189453, -89.09069061279297, -90.49851989746094, -89.72967529296875, -89.78907775878906, -89.1758041381836, -89.86048126220703, -89.1209945678711, -89.93960571289062, -89.13594055175781, -90.09233093261719, -89.16926574707031, -90.07467651367188, -89.04151153564453, -89.99473571777344, -88.82904815673828, -90.63819885253906, -89.35572814941406, -90.03848266601562, -89.3119888305664, -90.11520385742188, -89.50658416748047, -90.0932846069336, -89.3126449584961, -90.09333801269531, -89.21488189697266, -90.05191040039062, -89.04872131347656, -90.10137939453125, -89.06718444824219, -90.09758758544922, -88.90253448486328, -90.40351867675781, -89.329833984375, -89.7550277709961, -89.19475555419922, -90.28279876708984, -89.55763244628906, -90.58382415771484, -89.80302429199219, -90.49515533447266, -89.63301849365234, -90.62801361083984, -89.62174224853516, -90.86646270751953, -89.79593658447266, -90.6866226196289, -89.45265197753906, -90.93233489990234, -89.8707275390625, -90.21803283691406, -89.66487884521484, -90.69051361083984, -90.00524139404297, -90.78730010986328, -90.00154113769531, -91.01387023925781, -90.08331298828125, -90.59741973876953, -89.5274658203125, -91.10227966308594, -89.99384307861328, -91.4942398071289, -90.26734161376953, -91.22752380371094, -90.54174041748047, -91.15596008300781, -90.4647445678711, -91.42414093017578, -90.75050354003906, -91.5816879272461, -90.70425415039062, -91.59893798828125, -90.69613647460938, -91.66984558105469, -90.633056640625, -92.13589477539062, -91.0352783203125, -92.21662139892578, -91.02432250976562, -91.9676742553711, -91.29124450683594, -92.34388732910156, -91.7138900756836, -92.82371520996094, -92.06140899658203, -92.73428344726562, -91.86170196533203, -92.7717514038086, -91.85348510742188, -93.29861450195312, -92.29782104492188, -93.41698455810547, -92.3131332397461, -93.88179016113281, -92.86776733398438, -93.1812744140625, -92.60713195800781, -93.92411041259766, -93.40504455566406, -93.97056579589844, -93.19374084472656, -94.35005950927734, -93.5056381225586, -94.67913818359375, -93.80197143554688, -94.82656860351562, -93.79193115234375, -95.09404754638672, -94.0069808959961, -95.50811767578125, -94.50724029541016, -94.93805694580078, -94.4027328491211, -95.38783264160156, -94.76861572265625, -95.5121078491211, -94.71208190917969, -95.56715393066406, -94.74209594726562, -95.82108306884766, -94.83199310302734, -95.78496551513672, -94.78714752197266, -96.04308319091797, -95.01168060302734, -95.98880004882812, -95.38382720947266, -96.04561614990234, -95.48365020751953, -95.7066421508789, -95.10697174072266, -96.25636291503906, -95.64170837402344, -96.17391204833984, -95.3600845336914, -96.01268768310547, -95.09879302978516, -96.17256927490234, -95.16801452636719, -96.32244873046875, -95.29490661621094, -96.0919189453125, -95.400634765625, -96.08627319335938, -95.50833892822266, -96.33841705322266, -95.64716339111328, -95.890869140625, -95.24224090576172, -96.38143157958984, -95.54887390136719, -96.2353515625, -95.3534164428711, -96.45377349853516, -95.36000061035156, -96.46270751953125, -95.60182189941406, -96.21255493164062, -95.92034149169922, -96.69947814941406, -95.98104095458984, -96.43353271484375, -95.75334930419922, -96.60502624511719, -95.89868927001953, -96.82633972167969, -96.07037353515625, -96.83685302734375, -95.88899993896484, -96.79302215576172, -95.7090835571289, -97.41600799560547, -96.53572845458984, -96.90898132324219, -96.38362121582031, -96.99644470214844, -96.50390625, -97.6387939453125, -97.07149505615234, -97.58858489990234, -96.74470520019531, -97.5781478881836, -96.84033203125, -97.98800659179688, -97.35443115234375, -98.33751678466797, -97.4520492553711, -98.42793273925781, -97.84232330322266, -98.40491485595703, -97.92851257324219, -98.78386688232422, -98.34207153320312, -98.74401092529297, -98.2520980834961, -99.21991729736328, -98.72886657714844, -99.17643737792969, -98.36665344238281, -99.54161834716797, -98.88602447509766, -99.75816345214844, -98.87217712402344, -99.73735809326172, -99.40036010742188, -99.5648422241211, -99.37374877929688, -100.04335021972656, -99.76180267333984, -100.30980682373047, -99.90766143798828, -100.27997589111328, -99.75252532958984, -100.44342803955078, -99.85174560546875, -100.08309173583984, -99.45187377929688, -100.27315521240234, -99.57874298095703, -100.1754150390625, -99.84297943115234, -100.08251190185547, -99.84698486328125, -99.85675048828125, -99.21843719482422, -99.91983032226562, -99.42886352539062, -99.69528198242188, -98.90223693847656, -99.00975799560547, -98.25098419189453, -98.91323852539062, -98.06333923339844, -98.5171127319336, -97.70518493652344, -97.9184799194336, -97.49488830566406, -97.48764038085938, -96.97740936279297, -97.35212707519531, -96.53166961669922, -96.78695678710938, -95.96356201171875, -96.38023376464844, -95.54652404785156, -95.908447265625, -94.9268569946289, -95.64057922363281, -94.51953125, -95.2820816040039, -94.64186096191406, -94.67787170410156, -94.17997741699219, -94.50727081298828, -93.86759948730469, -93.99089813232422, -93.1568374633789, -93.89871215820312, -93.05319213867188, -93.72673034667969, -92.71329498291016, -93.06505584716797, -91.9342269897461, -92.92183685302734, -91.69596862792969, -92.64229583740234, -91.91284942626953, -91.90670776367188, -91.29364776611328, -91.69351959228516, -91.0499496459961, -92.03565216064453, -91.23193359375, -91.39533233642578, -90.35567474365234, -91.42952728271484, -90.42852783203125, -91.40373992919922, -90.15975952148438, -90.88137817382812, -89.76203918457031, -90.33355712890625, -89.76371002197266, -90.36945343017578, -89.74256134033203, -89.64140319824219, -88.80963897705078, -89.51762390136719, -88.61054992675781, -89.8104476928711, -88.8643569946289, -89.57377624511719, -88.4369125366211, -89.78849792480469, -88.58234405517578, -89.17741394042969, -88.02031707763672, -88.7938461303711, -88.22308349609375, -89.19832611083984, -88.50224304199219, -88.95115661621094, -88.13592529296875, -88.5899887084961, -87.65209197998047, -88.8261947631836, -87.77416229248047, -88.54119873046875, -87.41567993164062, -88.67914581298828, -87.45169067382812, -100.41348266601562, -101.76586151123047, -88.2554931640625, -87.49195098876953, -88.63912963867188, -87.93675994873047, -88.58988189697266, -87.74105072021484, -87.93057250976562, -86.95524597167969, -88.44690704345703, -87.41230773925781, -88.33275604248047, -87.15129089355469, -88.42436218261719, -87.1567611694336, -87.7931137084961, -87.0313491821289, -87.87915802001953, -87.19175720214844, -87.79541015625, -87.01068878173828, -88.1602554321289, -87.31104278564453, -88.0384521484375, -87.0525131225586, -88.57022857666016, -87.4631576538086, -88.2469482421875, -87.04579162597656, -88.24810028076172, -86.93626403808594, -87.9431381225586, -87.20027923583984, -87.92940521240234, -87.22273254394531, -88.07036590576172, -87.252197265625, -88.04125213623047, -87.1594009399414, -88.44515991210938, -87.42963409423828, -88.18388366699219, -87.05223083496094, -88.85630798339844, -87.67202758789062, -88.47013092041016, -87.32154846191406, -88.04061126708984, -87.46621704101562, -88.49722290039062, -87.79422760009766, -88.10625457763672, -87.25670623779297, -88.24176788330078, -87.29035186767578, -88.7557601928711, -87.73184967041016, -89.0362548828125, -87.94342041015625, -88.96180725097656, -87.66024017333984, -89.4447250366211, -88.31751251220703, -88.9592514038086, -88.33536529541016, -89.27239227294922, -88.56548309326172, -89.2108154296875, -88.39839935302734, -89.36844635009766, -88.43855285644531, -89.4167709350586, -88.4144515991211, -89.66776275634766, -88.53675842285156, -90.20086669921875, -89.00101470947266, -89.97235107421875, -89.17713165283203, -90.01193237304688, -89.43034362792969, -90.5221939086914, -89.82078552246094, -90.30894470214844, -89.44510650634766, -91.04283142089844, -90.07622528076172, -90.94478607177734, -89.93199920654297, -91.39774322509766, -90.21003723144531, -91.60000610351562, -90.3574447631836, -92.0318832397461, -91.25233459472656, -91.64254760742188, -91.05005645751953, -92.11888885498047, -91.39502716064453, -92.23379516601562, -91.41525268554688, -92.95074462890625, -92.01660919189453, -92.96076202392578, -91.8980941772461, -93.52072143554688, -92.47711181640625, -93.70830535888672, -92.61956787109375, -93.82379913330078, -93.28045654296875, -94.26876831054688, -93.63755798339844, -94.59137725830078, -93.88214111328125, -95.12039947509766, -94.23324584960938, -95.40856170654297, -94.577880859375, -95.6525650024414, -94.59446716308594, -96.07321166992188, -94.9955825805664, -96.60585021972656, -95.6089859008789, -96.93095397949219, -96.3927993774414, -97.3847427368164, -96.77481842041016, -97.93970489501953, -97.2063980102539, -98.59111022949219, -98.00314331054688, -98.63563537597656, -97.86363220214844, -99.1424331665039, -98.45095825195312, -99.77420806884766, -99.17903900146484, -99.95930480957031, -99.54037475585938, -100.47360229492188, -100.11566162109375, -100.9706802368164, -100.71343231201172, -101.39655303955078, -100.87814331054688, -101.48452758789062, -101.24876403808594, -101.97066497802734, -101.67283630371094, -102.0785903930664, -101.85005950927734, -102.20988464355469, -101.9294204711914, -102.04572296142578, -102.00338745117188, -102.18609619140625, -101.93418884277344, -101.76631164550781, -101.55522918701172, -101.61585998535156, -101.36808776855469, -101.30200958251953, -100.95252990722656, -100.93456268310547, -100.3125, -100.418212890625, -99.94837188720703, -100.0556640625, -99.30106353759766, -99.46961975097656, -99.16606903076172, -99.34310913085938, -98.94722747802734, -98.43788146972656, -97.72057342529297, -97.90729522705078, -97.16104125976562, -97.61751556396484, -96.79962921142578, -97.4399185180664, -96.5910415649414, -96.77599334716797, -95.77159881591797, -96.31907653808594, -95.3675537109375, -95.93862915039062, -95.38021850585938, -95.56318664550781, -94.97272491455078, -95.50501251220703, -94.7552261352539, -95.29857635498047, -94.36526489257812, -94.37417602539062, -93.41923522949219, -94.559814453125, -93.51713562011719, -93.96883392333984, -92.89051055908203, -93.86311340332031, -93.15850830078125, -93.01290893554688, -92.46534729003906, -92.95452117919922, -92.2235107421875, -92.77467346191406, -91.929931640625, -92.795654296875, -91.86103820800781, -92.619384765625, -91.66150665283203, -92.5875015258789, -91.47512817382812, -92.16862487792969, -90.93660736083984, -92.00601959228516, -91.2197494506836, -91.38374328613281, -90.7286148071289, -91.59263610839844, -90.79717254638672, -91.62299346923828, -90.77448272705078, -91.29812622070312, -90.2834701538086, -91.58270263671875, -90.51781463623047, -91.3310546875, -90.11031341552734, -91.29183959960938, -90.13642883300781, -90.91342163085938, -90.32038116455078, -90.66476440429688, -89.98312377929688, -90.84846496582031, -90.0421142578125, -90.41692352294922, -89.45706176757812, -90.73242950439453, -89.7326431274414, -90.41017150878906, -89.24845123291016, -90.19767761230469, -88.95648956298828, -90.7411117553711, -89.596923828125, -89.83963775634766, -89.26835632324219, -89.78755950927734, -89.04637908935547, -89.56993103027344, -88.75792694091797, -89.7705307006836, -88.78832244873047, -89.43535614013672, -88.36132049560547, -89.75689697265625, -88.63455200195312, -89.6504135131836, -88.3522720336914, -89.1744613647461, -88.47074127197266, -89.14376831054688, -88.48677062988281, -89.01498413085938, -88.2186279296875, -89.1062240600586, -88.26335144042969, -89.01602935791016, -88.03461456298828, -88.78475189208984, -87.69062805175781, -89.06707763671875, -87.8938980102539, -88.92317962646484, -87.62862396240234, -88.6654052734375, -87.8898696899414, -88.36843872070312, -87.64627075195312, -88.40608978271484, -87.62210845947266, -88.46502685546875, -87.54509735107422, -88.34066772460938, -87.31038665771484, -88.83845520019531, -87.72032928466797, -88.48102569580078, -87.24738311767578, -88.68013000488281, -87.5636215209961, -88.3036117553711, -87.6767578125, -88.09369659423828, -87.38500213623047, -87.93509674072266, -87.08789825439453, -87.90376281738281, -86.95071411132812, -88.0155258178711, -86.95428466796875, -88.05116271972656, -86.9095458984375, -88.09561157226562, -86.82168579101562, -87.90044403076172, -86.76446533203125, -87.63531494140625, -86.99945831298828, -87.79067993164062, -87.0513916015625, -87.78462982177734, -86.941650390625, -87.85116577148438, -86.89744567871094, -88.17610931396484, -87.1085433959961, -88.04820251464844, -86.86198425292969, -87.92945861816406, -86.62960815429688, -87.82817077636719, -87.06420135498047, -87.73258209228516, -87.06561279296875, -87.7600326538086, -87.02393341064453, -87.62831115722656, -86.73260498046875, -88.06257629394531, -87.1178207397461, -88.14947509765625, -87.10071563720703, -88.4107666015625, -87.18919372558594, -88.29009246826172, -86.99687957763672, -88.2408447265625, -87.48268127441406, -88.0704116821289, -87.39579772949219, -88.24286651611328, -87.4616928100586, -88.43286895751953, -87.55091857910156, -88.30884552001953, -87.28113555908203, -88.48101806640625, -87.3863296508789, -88.61983489990234, -87.36264038085938, -88.53370666503906, -87.44398498535156, -88.31719970703125, -87.70362091064453, -88.6719741821289, -87.97881317138672, -88.71991729736328, -87.92851257324219, -88.9402084350586, -88.01646423339844, -89.24703979492188, -88.2357177734375, -89.24958038330078, -88.07062530517578, -89.49742889404297, -88.2479019165039, -89.41853332519531, -88.26119232177734, -89.07269287109375, -88.43697357177734, -89.72618865966797, -88.9808578491211, -89.56572723388672, -88.69612884521484, -89.84358978271484, -88.83474731445312, -89.51945495605469, -88.50358581542969, -89.88199615478516, -88.71500396728516, -89.72586822509766, -88.45237731933594, -89.75232696533203, -89.0521011352539, -89.6094741821289, -88.9866943359375, -89.63129425048828, -88.90747833251953, -89.80661010742188, -88.95494842529297, -90.0878677368164, -89.13229370117188, -90.28583526611328, -89.23676300048828, -89.92745208740234, -88.73274993896484, -90.24884796142578, -88.94475555419922, -89.5792465209961, -88.81098937988281, -89.53390502929688, -88.80436706542969, -89.60768127441406, -88.85308074951172, -89.91478729248047, -88.98795318603516, -89.63296508789062, -88.65482330322266, -89.66631317138672, -88.55049133300781, -89.80327606201172, -88.60212707519531, -89.65066528320312, -88.54701232910156, -89.33741760253906, -88.71038055419922, -89.38533020019531, -88.70845031738281, -89.4035415649414, -88.55233001708984, -89.64064025878906, -88.69502258300781, -89.41373443603516, -88.40084838867188, -89.41985321044922, -88.29200744628906, -89.73443603515625, -88.5201416015625, -89.7005386352539, -88.55941772460938, -89.1886215209961, -88.5737533569336, -89.22271728515625, -88.5162582397461, -89.19928741455078, -88.36536407470703, -89.02696228027344, -88.06383514404297, -89.42704010009766, -88.41751861572266, -89.64302825927734, -88.43911743164062, -89.5244369506836, -88.27828979492188, -89.17558288574219, -88.4697265625, -89.57593536376953, -88.96304321289062, -89.19938659667969, -88.45946502685547, -89.21753692626953, -88.38900756835938, -89.51360321044922, -88.52684783935547, -89.66720581054688, -88.59190368652344, -89.89935302734375, -88.72853088378906, -89.70188903808594, -88.3478012084961, -89.43425750732422, -88.70333099365234, -89.3984603881836, -88.67350769042969, -89.3148422241211, -88.52757263183594, -89.72081756591797, -88.83676147460938, -89.39259338378906, -88.3597640991211, -89.63420104980469, -88.53579711914062, -89.69241333007812, -88.46776580810547, -90.05879211425781, -88.99211883544922, -89.6269760131836, -89.02084350585938, -89.86630249023438, -89.18899536132812, -89.83802032470703, -89.01790618896484, -89.94661712646484, -89.0654067993164, -89.7791519165039, -88.78339385986328, -90.28938293457031, -89.20109558105469, -90.2744369506836, -89.05538940429688, -90.41047668457031, -89.28263092041016, -90.19294738769531, -89.55058288574219, -90.58783721923828, -89.8376693725586, -90.74314880371094, -89.90828704833984, -90.662109375, -89.78485870361328, -90.79900360107422, -89.77253723144531, -91.14874267578125, -90.0663833618164, -91.1988525390625, -89.9455337524414, -91.09259033203125, -90.38540649414062, -91.08162689208984, -90.38093566894531, -91.04478454589844, -90.3045425415039, -91.26353454589844, -90.39781188964844, -91.44783020019531, -90.48648071289062, -91.44942474365234, -90.33180236816406, -91.66191101074219, -90.59937286376953, -92.0821762084961, -90.88005065917969, -91.94889068603516, -91.15412902832031, -91.58739471435547, -90.95494842529297, -91.82891845703125, -91.08733367919922, -91.47808074951172, -90.58609008789062, -91.63150024414062, -90.69950866699219, -91.85333251953125, -90.79826354980469, -92.06439208984375, -90.96192932128906, -92.12077331542969, -91.00648498535156, -91.7498550415039, -91.16928100585938, -91.85791778564453, -91.22908020019531, -91.81853485107422, -91.00550842285156, -91.64768981933594, -90.75861358642578, -91.98100280761719, -91.02599334716797, -91.5452651977539, -90.3927001953125, -91.62815856933594, -90.39411163330078, -91.30887603759766, -90.17139434814453, -91.18472290039062, -90.60950469970703, -90.93061065673828, -90.24455261230469, -90.64027404785156, -89.80410766601562, -90.47603607177734, -89.54425048828125, -90.74500274658203, -89.76167297363281, -90.95526123046875, -89.82139587402344, -90.46133422851562, -89.18766021728516, -90.13882446289062, -89.39014434814453, -89.62682342529297, -88.98638916015625, -89.8010482788086, -89.0380630493164, -89.57034301757812, -88.6540298461914, -89.28532409667969, -88.29720306396484, -89.50831604003906, -88.39784240722656, -89.28734588623047, -88.09306335449219, -89.05329895019531, -87.74898529052734, -88.81793975830078, -88.04317474365234, -88.191162109375, -87.5182113647461, -88.4643325805664, -87.67322540283203, -88.17707824707031, -87.26496124267578, -88.39282989501953, -87.38983154296875, -88.17810821533203, -87.03690338134766, -87.645751953125, -86.40209197998047, -87.8903579711914, -86.84107971191406, -87.59642791748047, -86.97589111328125, -87.22740173339844, -86.51748657226562, -87.32759094238281, -86.50225067138672, -87.24041748046875, -86.31461334228516, -87.0641098022461, -86.01581573486328, -87.03974914550781, -85.88986206054688, -86.85304260253906, -85.59329986572266, -87.20215606689453, -86.05623626708984, -86.47586059570312, -85.86790466308594, -86.59358978271484, -85.83971405029297, -86.4708251953125, -85.61039733886719, -86.5643081665039, -85.6474838256836, -86.63553619384766, -85.57974243164062, -86.56778717041016, -85.4235610961914, -86.57579040527344, -85.28291320800781, -85.97281646728516, -85.21849822998047, -86.14643859863281, -85.48072814941406, -86.3023681640625, -85.51480865478516, -86.02311706542969, -85.12653350830078, -86.24072265625, -85.29086303710938, -86.19200134277344, -85.07471466064453, -86.43621063232422, -85.24337768554688, -86.3028564453125, -85.00458526611328, -86.3511962890625, -85.59943389892578, -86.05342102050781, -85.36634826660156, -86.39833068847656, -85.61742401123047, -86.38530731201172, -85.45536804199219, -86.18855285644531, -85.18541717529297, -86.37442779541016, -85.26873779296875, -86.4815444946289, -85.25708770751953, -86.89779663085938, -85.79794311523438, -86.0908432006836, -85.48908996582031, -86.28584289550781, -85.5606918334961, -86.4952392578125, -85.66154479980469, -86.71895599365234, -85.79110717773438, -86.63206481933594, -85.6319808959961, -86.98535919189453, -85.8690414428711, -86.9265365600586, -85.6455078125, -87.11497497558594, -85.95053100585938, -86.63594818115234, -86.02425384521484, -86.60176086425781, -85.85112762451172, -86.85974884033203, -86.01506805419922, -87.11582946777344, -86.19872283935547, -87.58839416503906, -86.54103088378906, -87.31282806396484, -86.13872528076172, -87.51113891601562, -86.23834228515625, -87.39318084716797, -86.67823028564453, -87.31427001953125, -86.6608657836914, -87.28811645507812, -86.54029083251953, -87.73136138916016, -86.87503051757812, -87.71748352050781, -86.69599914550781, -88.18110656738281, -87.11384582519531, -88.11336517333984, -86.95264434814453, -88.3056869506836, -86.97737121582031, -88.51567840576172, -87.76739501953125, -88.30541229248047, -87.62078857421875, -88.71401977539062, -87.9755859375, -88.70928955078125, -87.8744888305664, -89.15805053710938, -88.14002227783203, -89.42324829101562, -88.33734130859375, -89.60113525390625, -88.46631622314453, -89.80132293701172, -88.72274780273438, -89.75289916992188, -89.18678283691406, -89.88860321044922, -89.1900405883789, -90.16957092285156, -89.39539337158203, -90.45907592773438, -89.57787322998047, -90.78036499023438, -89.74496459960938, -91.04840087890625, -89.97129821777344, -91.15953063964844, -89.9878921508789, -91.79452514648438, -90.65876770019531, -91.3715591430664, -90.75773620605469, -91.51338958740234, -90.85218811035156, -91.77206420898438, -91.0354995727539, -92.06556701660156, -91.1870346069336, -92.44979858398438, -91.48226928710938, -92.17668914794922, -91.09970092773438, -92.54051208496094, -91.3651123046875, -92.58950805664062, -91.91096496582031, -92.60107421875, -92.06733703613281, -92.83800506591797, -92.18876647949219, -92.80142974853516, -92.0018310546875, -92.99402618408203, -92.13921356201172, -92.974365234375, -91.96025085449219, -92.918701171875, -91.7896957397461, -93.04036712646484, -91.85907745361328, -92.99391174316406, -92.27909088134766, -92.62930297851562, -91.92529296875, -92.7595443725586, -92.02548217773438, -92.6456298828125, -91.80229187011719, -92.65058135986328, -91.72859954833984, -92.58397674560547, -91.51997375488281, -92.65206146240234, -91.49980163574219, -92.16449737548828, -91.10497283935547, -92.05990600585938, -91.46749877929688, -91.94416046142578, -91.27030181884766, -91.7278823852539, -90.9931640625, -91.760498046875, -90.85859680175781, -91.73979187011719, -90.82280731201172, -101.72366333007812, -103.24689483642578, -103.10774230957031, -103.12041473388672, -103.14347839355469, -103.02159118652344, -103.17416381835938, -103.09577941894531, -103.27653503417969, -103.3510971069336, -103.146728515625, -103.07484436035156, -103.04244995117188, -103.2322998046875, -103.04527282714844, -102.93759155273438, -102.8973388671875, -102.96007537841797, -103.16046905517578, -103.11432647705078, -103.02350616455078, -103.02137756347656, -103.01761627197266, -102.94833374023438, -102.97949981689453, -103.08255004882812, -103.12493133544922, -102.75851440429688, -103.06297302246094, -103.26280212402344, -103.20694732666016, -103.1234130859375, -103.20845794677734, -103.09270477294922, -102.68580627441406, -103.01701354980469, -103.24021911621094, -102.9804458618164, -102.99984741210938, -103.1666259765625, -103.23294067382812, -103.12590026855469, -102.95288848876953, -103.1274185180664, -103.26780700683594, -103.12299346923828, -103.12150573730469, -103.10643005371094, -103.14959716796875, -103.16785430908203, -103.09891510009766, -103.0885009765625, -103.01162719726562, -102.994873046875, -103.11515808105469, -102.90042114257812, -102.91361999511719, -103.2979736328125, -103.00804138183594, -102.94405364990234, -103.20272827148438, -103.18321990966797, -103.40327453613281, -103.27665710449219, -103.206787109375, -103.20171356201172, -103.29608154296875, -103.18106842041016, -103.15453338623047, -103.19196319580078, -103.11051177978516, -102.71529388427734, -103.0186767578125, -102.85660552978516, -103.1525650024414, -103.15422058105469, -103.07019805908203, -103.14715576171875, -103.16549682617188, -103.05593872070312, -103.14076232910156, -103.11603546142578, -103.03573608398438, -103.0038070678711, -102.98699188232422, -103.03076934814453, -103.05010986328125, -103.05712890625, -103.1922607421875, -103.33686828613281, -103.2322998046875, -103.25508880615234, -103.25480651855469, -103.22687530517578, -103.1707763671875, -103.12738800048828, -103.04850769042969, -103.09381866455078, -103.06735229492188, -103.10707092285156, -103.09502410888672, -102.99732208251953, -103.22824096679688, -103.2197036743164, -103.19828033447266, -103.05851745605469, -103.02626037597656, -102.97710418701172, -102.94915771484375, -103.1875228881836, -103.02754211425781, -102.94389343261719, -103.00448608398438, -102.99038696289062, -103.15409851074219, -102.93464660644531, -103.03375244140625, -102.99967193603516, -102.87268829345703, -103.0107421875, -102.88758850097656, -102.94172668457031, -103.07442474365234, -102.8747787475586, -102.93937683105469, -102.98566436767578, -103.05760955810547, -103.21898651123047, -103.06468200683594, -103.00209045410156, -103.06560516357422, -102.7887191772461, -102.94475555419922, -103.05665588378906, -103.20140838623047, -102.9612808227539, -102.87112426757812, -103.1047592163086, -103.41254425048828, -103.2054214477539, -103.0412826538086, -102.9963607788086, -102.93888854980469, -103.05621337890625, -103.1754150390625, -103.1164321899414, -102.92211151123047, -102.8056411743164, -102.91476440429688, -103.02759552001953, -103.21000671386719, -103.2164306640625, -103.16012573242188, -103.13939666748047, -103.01181030273438, -103.06997680664062, -103.20184326171875, -103.1884994506836, -103.05071258544922, -103.09809875488281, -103.00421142578125, -103.11776733398438, -103.29733276367188, -103.13723754882812, -103.1835708618164, -102.97525787353516, -103.01814270019531, -103.14442443847656, -103.13479614257812, -103.26119232177734, -103.05232238769531, -102.95220947265625, -103.07511138916016, -103.04256439208984, -102.91268157958984, -102.83430480957031, -102.98529815673828, -103.04805755615234, -103.11215209960938, -103.10366821289062, -103.19487762451172, -103.33914947509766, -103.28527069091797, -103.27367401123047, -103.17472839355469, -103.16707611083984, -103.3433609008789, -102.93019104003906, -102.9931640625, -103.17729949951172, -103.15119934082031, -102.99024200439453, -103.09852600097656, -103.28736877441406, -103.0740966796875, -102.67724609375, -102.91934204101562, -103.16080474853516, -103.187255859375, -103.05360412597656, -102.99596405029297, -103.02595520019531, -103.13231658935547, -103.37483215332031, -103.11280059814453, -102.94546508789062, -103.09756469726562, -103.04026794433594, -103.25892639160156, -103.22686004638672, -102.96063995361328, -102.89897918701172, -103.09529113769531, -103.03775787353516, -102.8875503540039, -103.0427017211914, -103.13497161865234, -103.11814880371094, -103.15775299072266, -103.1973876953125, -103.13108825683594, -103.102783203125, -103.2710952758789];
200009;0x6380638063806380638063806380638063806380638063806380638063806380;-87.57576529629208;-71.05198455669904;21.03453827490834;3.55;3.98;4.44668888888889;1.31;3.283611111111111;7.02;[-102.9503173828125, -102.7138442993164, -102.71505737304688, -102.85285186767578, -102.91773223876953, -102.60140991210938, -102.56936645507812, -102.79222106933594, -102.78897857666016, -102.82011413574219, -102.81536102294922, -103.1319808959961, -103.0450668334961, -102.73602294921875, -102.73161315917969, -102.6530990600586, -102.5257339477539, -102.88471984863281, -103.03254699707031, -102.86054229736328, -102.69441986083984, -102.57559967041016, -102.63451385498047, -102.48320007324219, -102.63296508789062, -102.64491271972656, -102.72804260253906, -102.82057189941406, -102.84397888183594, -102.71099853515625, -102.7689437866211, -102.62519073486328, -102.58226013183594, -102.81674194335938, -102.93343353271484, -102.97818756103516, -102.77360534667969, -102.78035736083984, -102.6901626586914, -102.55396270751953, -102.57345581054688, -102.70276641845703, -102.45162200927734, -102.70500946044922, -102.74620819091797, -102.77542877197266, -102.80580139160156, -102.76194763183594, -102.5316390991211, -102.90599822998047, -102.87847900390625, -102.80723571777344, -102.76893615722656, -102.5286636352539, -102.46769714355469, -102.5086441040039, -102.30379486083984, -102.5750732421875, -102.51738739013672, -102.39775085449219, -102.38387298583984, -102.98109436035156, -103.0259017944336, -102.71414184570312, -102.49044799804688, -102.88856506347656, -103.02503967285156, -102.70222473144531, -102.74440002441406, -102.66046905517578, -102.5096664428711, -102.63813781738281, -102.5865249633789, -102.5409927368164, -102.35773468017578, -102.58808135986328, -102.4796371459961, -102.79264068603516, -102.58074188232422, -102.82402801513672, -102.82962799072266, -102.6409683227539, -102.78789520263672, -102.901611328125, -102.73358154296875, -102.740478515625, -102.62428283691406, -102.84344482421875, -102.84334564208984, -103.02645874023438, -102.97904205322266, -102.81338500976562, -102.92623138427734, -102.71734619140625, -102.71297454833984, -102.97452545166016, -102.9049301147461, -102.55260467529297, -102.6417007446289, -102.57183074951172, -102.52479553222656, -102.92305755615234, -103.04390716552734, -102.91143798828125, -103.00736236572266, -103.06391143798828, -102.9227066040039, -102.72159576416016, -102.8209228515625, -102.85319519042969, -102.63375854492188, -102.14707946777344, -102.06301879882812, -102.70278930664062, -102.84700775146484, -102.96983337402344, -103.03174591064453, -102.9261245727539, -102.81546020507812, -102.84965515136719, -102.88633728027344, -102.89366149902344, -102.66943359375, -102.8746337890625, -102.81818389892578, -102.87906646728516, -102.83067321777344, -102.96210479736328, -102.8822250366211, -103.02336883544922, -102.8609619140625, -102.91250610351562, -103.06987762451172, -102.7744140625, -102.72563934326172, -102.78303527832031, -102.83235168457031, -102.8467025756836, -102.79351043701172, -102.78292846679688, -102.81729125976562, -103.04268646240234, -102.96674346923828, -102.8064193725586, -102.6631088256836, -102.55343627929688, -102.4471664428711, -102.60298156738281, -102.7582778930664, -102.78804779052734, -102.7779769897461, -102.69895935058594, -102.72811889648438, -102.88842010498047, -102.65962982177734, -102.90611267089844, -102.84957885742188, -102.69210052490234, -102.69799041748047, -102.89473724365234, -103.16642761230469, -102.95347595214844, -102.95867156982422, -102.87911987304688, -103.12186431884766, -102.82975006103516, -102.77151489257812, -102.97602844238281, -103.0946273803711, -103.202392578125, -103.07561492919922, -102.88973999023438, -102.98602294921875, -103.05486297607422, -103.0027847290039, -102.81963348388672, -102.8550033569336, -102.79585266113281, -102.80921173095703, -103.13633728027344, -102.85652923583984, -102.951904296875, -102.8737564086914, -102.82247924804688, -102.95589447021484, -103.10316467285156, -103.03096008300781, -102.9532699584961, -102.86137390136719, -102.79454040527344, -102.69107818603516, -103.15452575683594, -103.12872314453125, -102.87129974365234, -102.78042602539062, -102.88192749023438, -103.14230346679688, -103.13704681396484, -102.97100830078125, -102.8824234008789, -102.90935516357422, -102.94761657714844, -102.74556732177734, -102.4901123046875, -102.56342315673828, -103.06776428222656, -103.0923843383789, -102.90505981445312, -102.83770751953125, -102.9010238647461, -103.03457641601562, -103.16105651855469, -103.0809555053711, -102.91121673583984, -103.02314758300781, -102.98051452636719, -102.9239730834961, -102.67499542236328, -102.41673278808594, -102.76956939697266, -102.988037109375, -103.12259674072266, -101.83503723144531, -88.39250183105469, -87.40266418457031, -88.84392547607422, -87.85484313964844, -88.95262908935547, -87.8629150390625, -88.60538482666016, -87.41341400146484, -88.39082336425781, -87.1137924194336, -88.22943115234375, -87.49654388427734, -88.36652374267578, -87.74996948242188, -88.63485717773438, -87.87918853759766, -88.616455078125, -87.69808959960938, -88.3509521484375, -87.35811614990234, -88.63195037841797, -87.55592346191406, -88.78282165527344, -87.58755493164062, -88.71588134765625, -87.6163558959961, -87.9764404296875, -87.37394714355469, -88.0533447265625, -87.36355590820312, -87.95291900634766, -87.11710357666016, -87.73265075683594, -86.85160064697266, -87.93240356445312, -86.89360809326172, -87.9106216430664, -86.75868225097656, -88.05572509765625, -86.84381103515625, -88.06249237060547, -86.89481353759766, -87.7474365234375, -87.0966567993164, -87.55598449707031, -86.82015991210938, -87.95089721679688, -87.16095733642578, -87.37525177001953, -86.42271423339844, -87.56393432617188, -86.50946044921875, -87.84101867675781, -86.70050811767578, -87.6113510131836, -86.34764099121094, -87.5816421508789, -86.81581115722656, -87.00548553466797, -86.37505340576172, -87.07168579101562, -86.32549285888672, -87.281005859375, -86.43183135986328, -87.35631561279297, -86.35226440429688, -87.20459747314453, -86.10491943359375, -86.97051239013672, -85.77758026123047, -87.28376770019531, -85.96958923339844, -86.9815444946289, -86.18863677978516, -86.69342803955078, -86.00988006591797, -86.52777099609375, -85.74057006835938, -86.29693603515625, -85.4267578125, -86.43473815917969, -85.43257904052734, -86.56336212158203, -85.46543884277344, -86.74559783935547, -85.57636260986328, -86.42527770996094, -85.28954315185547, -86.04756164550781, -85.42797088623047, -85.98097229003906, -85.24425506591797, -85.99958801269531, -85.17607879638672, -86.00663757324219, -85.10905456542969, -85.84028625488281, -84.78327941894531, -85.49791717529297, -84.36016082763672, -85.5626449584961, -84.31767272949219, -85.74868774414062, -84.6110610961914, -85.3923568725586, -84.76848602294922, -85.25836181640625, -84.50853729248047, -85.34703063964844, -84.51470947265625, -85.46804809570312, -84.52095794677734, -85.15475463867188, -84.09461212158203, -85.1717758178711, -84.0103759765625, -85.31394958496094, -84.03853607177734, -84.63922119140625, -83.89412689208984, -84.56903839111328, -83.91541290283203, -84.67473602294922, -83.90912628173828, -84.63218688964844, -83.74684143066406, -84.78363037109375, -83.81165313720703, -84.91714477539062, -83.8134994506836, -84.63666534423828, -83.42882537841797, -84.52226257324219, -83.23018646240234, -84.63587188720703, -83.88087463378906, -84.31733703613281, -83.64363098144531, -84.17110443115234, -83.37657165527344, -84.48554992675781, -83.58942413330078, -84.24636840820312, -83.2532958984375, -84.20018768310547, -83.05677795410156, -84.32861328125, -83.1158676147461, -84.78282165527344, -83.64509582519531, -84.13175964355469, -83.52172088623047, -84.05219268798828, -83.32225036621094, -84.41699981689453, -83.59562683105469, -84.51568603515625, -83.60130310058594, -84.5126953125, -83.47806549072266, -84.37760162353516, -83.2196273803711, -84.69015502929688, -83.42335510253906, -84.90560150146484, -83.75823974609375, -84.3119888305664, -83.70774841308594, -84.40067291259766, -83.64871978759766, -84.65974426269531, -83.80619812011719, -84.66778564453125, -83.7175521850586, -84.84402465820312, -83.80689239501953, -84.91681671142578, -83.77349853515625, -85.15699005126953, -83.90508270263672, -85.12939453125, -84.42800903320312, -84.94589233398438, -84.27041625976562, -85.06050109863281, -84.28160858154297, -85.18638610839844, -84.33296203613281, -85.33721160888672, -84.35750579833984, -85.48912048339844, -84.39173126220703, -85.38434600830078, -84.22174072265625, -86.14459228515625, -84.87553405761719, -85.85941314697266, -85.060791015625, -85.56326293945312, -84.8614273071289, -86.07649230957031, -85.30027770996094, -85.9831771850586, -85.12236022949219, -86.11418151855469, -85.09278106689453, -86.1942367553711, -85.08792877197266, -86.29829406738281, -85.13579559326172, -86.50879669189453, -85.378662109375, -86.1917953491211, -85.61072540283203, -86.68728637695312, -85.98155212402344, -86.64910888671875, -85.82634735107422, -86.81489562988281, -85.864990234375, -86.9081039428711, -85.87652587890625, -86.90235900878906, -85.76529693603516, -87.15836334228516, -85.9115219116211, -86.99922943115234, -85.84567260742188, -86.9850845336914, -86.38192749023438, -86.88618469238281, -86.15213775634766, -86.8275375366211, -85.97271728515625, -86.84407043457031, -85.92496490478516, -87.15077209472656, -86.10679626464844, -87.46161651611328, -86.32940673828125, -87.00370025634766, -85.7231216430664, -86.91679382324219, -86.1666259765625, -86.82463836669922, -86.17625427246094, -87.00360870361328, -86.24169921875, -87.1858901977539, -86.30628967285156, -86.74382019042969, -85.7284927368164, -86.6993179321289, -85.63013458251953, -86.86556243896484, -85.67546081542969, -86.87102508544922, -85.56300354003906, -86.39073944091797, -85.659912109375, -86.41614532470703, -85.76774597167969, -86.75189971923828, -85.9908218383789, -86.04507446289062, -85.13900756835938, -86.66770935058594, -85.68074035644531, -86.62081146240234, -85.51738739013672, -86.63111114501953, -85.42088317871094, -86.59272766113281, -85.46359252929688, -85.75577545166016, -85.17340087890625, -86.44676971435547, -85.71863555908203, -86.06212615966797, -85.26296997070312, -86.09001922607422, -85.19929504394531, -86.21550750732422, -85.2107162475586, -86.38308715820312, -85.27525329589844, -86.34588623046875, -85.11264038085938, -86.30693054199219, -85.15719604492188, -86.11747741699219, -85.49845886230469, -85.92044830322266, -85.20384979248047, -86.18254852294922, -85.3795394897461, -86.3209457397461, -85.38294982910156, -85.89496612548828, -84.84011840820312, -86.50967407226562, -85.3499755859375, -86.21306610107422, -84.9485855102539, -85.9729995727539, -85.23916625976562, -86.3140869140625, -85.68743896484375, -86.29232025146484, -85.51708984375, -85.97034454345703, -85.0986328125, -86.6579360961914, -85.68513488769531, -86.66828155517578, -85.573974609375, -86.5887222290039, -85.38560485839844, -86.46009063720703, -85.15599060058594, -86.6352767944336, -85.87842559814453, -86.64018249511719, -85.9357681274414, -86.46896362304688, -85.72677612304688, -86.87783813476562, -85.99958038330078, -86.60845947265625, -85.617919921875, -86.960693359375, -85.86611938476562, -86.986083984375, -85.7600326538086, -87.47428894042969, -86.40961456298828, -86.69395446777344, -86.07028198242188, -87.02171325683594, -86.33487701416016, -86.9179916381836, -86.11431884765625, -87.189453125, -86.25581359863281, -87.00015258789062, -85.9214096069336, -87.37823486328125, -86.28367614746094, -87.50940704345703, -86.26580047607422, -87.07402801513672, -85.90813446044922, -87.31269836425781, -86.68299865722656, -86.95808410644531, -86.22106170654297, -87.30420684814453, -86.44243621826172, -87.03646850585938, -86.0977783203125, -87.159423828125, -86.0872573852539, -87.39698791503906, -86.23170471191406, -87.55258178710938, -86.30158996582031, -87.23601531982422, -86.49223327636719, -86.98692321777344, -86.33592987060547, -87.05262756347656, -86.27393341064453, -87.04143524169922, -86.19921875, -87.41059875488281, -86.46546173095703, -87.46111297607422, -86.33026885986328, -87.60783386230469, -86.40335083007812, -87.47167205810547, -86.23049926757812, -87.38082122802734, -86.63716125488281, -87.1537857055664, -86.46568298339844, -87.20945739746094, -86.4725112915039, -87.47887420654297, -86.55767059326172, -87.31732940673828, -86.35383605957031, -87.6884994506836, -86.6023941040039, -87.66813659667969, -86.47529602050781, -87.7730712890625, -86.64306640625, -87.4774398803711, -86.88435363769531, -87.38585662841797, -86.6766357421875, -87.68378448486328, -86.8362045288086, -87.50396728515625, -86.59030151367188, -87.72091674804688, -86.7128677368164, -87.85481262207031, -86.72029113769531, -87.82524108886719, -86.59756469726562, -87.92853546142578, -86.82074737548828, -87.4231185913086, -86.78898620605469, -87.74524688720703, -87.04035949707031, -87.9278793334961, -87.11579132080078, -87.86958312988281, -86.89958190917969, -87.79935455322266, -86.76240539550781, -87.81656646728516, -86.71370697021484, -88.1278305053711, -86.87023162841797, -88.3199691772461, -87.61321258544922, -87.94552612304688, -87.32787322998047, -88.1865005493164, -87.42449951171875, -88.28150177001953, -87.43587493896484, -88.33550262451172, -87.4127426147461, -88.10272979736328, -87.01985931396484, -88.369873046875, -87.28418731689453, -88.45142364501953, -87.16879272460938, -88.2916488647461, -87.55462646484375, -88.27701568603516, -87.64244079589844, -88.20947265625, -87.40782165527344, -88.27366638183594, -87.39705657958984, -88.44281768798828, -87.48212432861328, -88.40475463867188, -87.32090759277344, -88.4059066772461, -87.21405029296875, -88.7690200805664, -87.67809295654297, -88.4975357055664, -87.89575958251953, -88.50338745117188, -87.8272705078125, -88.38835906982422, -87.61717987060547, -88.76285552978516, -87.86436462402344, -88.55530548095703, -87.53899383544922, -88.92662811279297, -87.82581329345703, -88.64059448242188, -87.44023132324219, -88.85891723632812, -87.74057006835938, -88.16441345214844, -87.54324340820312, -88.21106719970703, -87.50208282470703, -88.54953002929688, -87.72795867919922, -88.2213134765625, -87.24580383300781, -88.40957641601562, -87.3657455444336, -88.44276428222656, -87.26239776611328, -88.79173278808594, -87.61751556396484, -89.05532836914062, -88.30645751953125, -88.26094055175781, -87.57622528076172, -88.32389068603516, -87.60469818115234, -88.4690170288086, -87.60360717773438, -88.51282501220703, -87.58675384521484, -88.59227752685547, -87.53348541259766, -88.48214721679688, -87.29841613769531, -89.08604431152344, -87.80278015136719, -88.4981918334961, -87.69636535644531, -88.55691528320312, -87.93241882324219, -88.58512115478516, -87.78382873535156, -88.62950134277344, -87.72979736328125, -88.46058654785156, -87.481689453125, -88.53407287597656, -87.41668701171875, -88.46440887451172, -87.30036926269531, -88.75345611572266, -87.65361785888672, -88.10011291503906, -87.53076934814453, -88.571533203125, -87.8824691772461, -88.92670440673828, -88.1395263671875, -88.86181640625, -87.90645599365234, -88.88262939453125, -87.86727905273438, -89.17105102539062, -88.09233093261719, -88.8580093383789, -87.61441802978516, -89.14594268798828, -88.09733581542969, -88.35115814208984, -87.74407196044922, -88.82176971435547, -88.0925064086914, -88.86135864257812, -88.0418472290039, -89.07836151123047, -88.1589126586914, -88.62133026123047, -87.5633316040039, -89.07380676269531, -87.94379425048828, -89.51075744628906, -88.27643585205078, -89.1962661743164, -88.4583969116211, -89.03694152832031, -88.37408447265625, -89.30414581298828, -88.59242248535156, -89.37380981445312, -88.55897521972656, -89.39112091064453, -88.4827880859375, -89.34063720703125, -88.28601837158203, -89.7845230102539, -88.65172576904297, -89.86625671386719, -88.62850189208984, -89.68403625488281, -88.92253112792969, -89.8951644897461, -89.29793548583984, -90.36827850341797, -89.63800048828125, -90.1611099243164, -89.2723159790039, -90.12078857421875, -89.18639373779297, -90.71102142333984, -89.64955139160156, -90.73241424560547, -89.55976104736328, -91.17445373535156, -90.13340759277344, -90.43182373046875, -89.81644439697266, -91.12841796875, -90.48939514160156, -90.89592742919922, -90.14340209960938, -91.37246704101562, -90.50807189941406, -91.63340759277344, -90.69131469726562, -91.86579895019531, -90.81695556640625, -91.96558380126953, -90.7684097290039, -92.277587890625, -91.22175598144531, -91.67777252197266, -91.06893920898438, -92.0505142211914, -91.43904113769531, -92.29609680175781, -91.48130798339844, -92.33984375, -91.45281982421875, -92.64649963378906, -91.69974517822266, -92.45550537109375, -91.37368774414062, -92.7938232421875, -91.58984375, -92.7060317993164, -91.98307037353516, -92.8274917602539, -92.19410705566406, -92.51592254638672, -91.83306884765625, -93.09458923339844, -92.32738494873047, -93.09526062011719, -92.20067596435547, -92.9102554321289, -91.88690185546875, -92.82714080810547, -91.72118377685547, -93.55450439453125, -92.3858413696289, -92.96762084960938, -92.26226043701172, -93.0615463256836, -92.4648208618164, -92.95716094970703, -92.21400451660156, -92.90280151367188, -92.019775390625, -93.05801391601562, -92.2183609008789, -93.39733123779297, -92.28462982177734, -93.28829193115234, -92.15809631347656, -93.58101654052734, -92.4868392944336, -93.0571517944336, -92.4604721069336, -93.47502899169922, -92.80827331542969, -93.3193588256836, -92.55872344970703, -93.44512176513672, -92.60643768310547, -93.62187194824219, -92.70311737060547, -93.48931884765625, -92.43853759765625, -93.4328384399414, -92.41690063476562, -94.25715637207031, -93.20318603515625, -93.55935668945312, -92.9203109741211, -93.67882537841797, -93.05526733398438, -94.27987670898438, -93.60697937011719, -93.86479187011719, -93.13788604736328, -94.28564453125, -93.3343505859375, -94.50562286376953, -93.47091674804688, -94.78156280517578, -93.77218627929688, -94.89178466796875, -94.21038818359375, -94.78245544433594, -94.221435546875, -95.03845977783203, -94.38744354248047, -95.05853271484375, -94.28455352783203, -95.2585678100586, -94.35667419433594, -95.38005065917969, -94.48201751708984, -96.02615356445312, -95.08772277832031, -96.06519317626953, -94.9889907836914, -96.05331420898438, -95.37866973876953, -95.78192901611328, -95.29434967041016, -96.46210479736328, -95.81173706054688, -96.85598754882812, -96.23970794677734, -96.94009399414062, -96.10733795166016, -97.52405548095703, -96.67294311523438, -96.99745178222656, -96.07028198242188, -97.75743103027344, -97.0398178100586, -97.78276062011719, -97.33404541015625, -98.09073638916016, -97.46695709228516, -98.09541320800781, -97.51594543457031, -98.52361297607422, -97.88905334472656, -98.74443817138672, -98.00411987304688, -98.71983337402344, -97.87870788574219, -98.9747543334961, -98.11714172363281, -99.22869873046875, -98.44310760498047, -98.920166015625, -98.58230590820312, -98.97525024414062, -98.4827651977539, -99.26557159423828, -98.79203796386719, -99.03801727294922, -98.45167541503906, -98.79796600341797, -98.12815856933594, -98.73805236816406, -98.08895111083984, -98.54080963134766, -97.70763397216797, -98.16873931884766, -97.5931396484375, -97.75613403320312, -97.26167297363281, -97.4552230834961, -96.72552490234375, -96.84217834472656, -96.34102630615234, -96.79396057128906, -95.8454818725586, -96.40157318115234, -95.5046615600586, -95.78874206542969, -94.84368896484375, -95.642333984375, -94.48373413085938, -95.25901794433594, -94.5447006225586, -94.39463806152344, -93.83807373046875, -94.26907348632812, -93.56625366210938, -94.39875793457031, -93.64832305908203, -93.66120147705078, -92.65505981445312, -93.62828063964844, -92.64380645751953, -93.33606719970703, -92.27547454833984, -92.79898071289062, -91.76671600341797, -92.29668426513672, -91.71104431152344, -92.20914459228516, -91.5094223022461, -91.38143920898438, -90.59749603271484, -91.21662139892578, -90.29903411865234, -91.4333267211914, -90.51693725585938, -91.0690689086914, -89.95587921142578, -91.23967742919922, -90.0844955444336, -90.475341796875, -89.37239074707031, -90.17212677001953, -89.58592987060547, -90.51109313964844, -89.77139282226562, -90.14928436279297, -89.30643463134766, -89.7708511352539, -88.8643569946289, -89.87688446044922, -88.81690979003906, -89.57027435302734, -88.47529602050781, -89.58426666259766, -88.37649536132812, -100.61640930175781, -101.84683227539062, -89.0352554321289, -88.33724212646484, -89.42686462402344, -88.70573425292969, -89.2595443725586, -88.39652252197266, -88.58695220947266, -87.5816650390625, -89.02420043945312, -88.01078796386719, -88.83592224121094, -87.6136474609375, -88.904541015625, -87.64128875732422, -88.18472290039062, -87.47319030761719, -88.23394012451172, -87.59992218017578, -88.1282730102539, -87.36463165283203, -88.36236572265625, -87.51371765136719, -88.24089813232422, -87.30955505371094, -88.69288635253906, -87.60380554199219, -88.32324981689453, -87.15047454833984, -88.2496109008789, -86.94385528564453, -87.88824462890625, -87.1504898071289, -87.82803344726562, -87.16374969482422, -87.9529037475586, -87.13745880126953, -87.85325622558594, -86.93579864501953, -88.22122955322266, -87.19059753417969, -87.92916870117188, -86.81961822509766, -88.50576782226562, -87.26943969726562, -88.03263854980469, -86.92166137695312, -87.70172882080078, -87.05429077148438, -88.01152038574219, -87.31657409667969, -87.53907012939453, -86.72381591796875, -87.66830444335938, -86.74057006835938, -88.05976867675781, -87.0856704711914, -88.33465576171875, -87.18470764160156, -88.2099609375, -86.95530700683594, -88.6456527709961, -87.50625610351562, -87.9876480102539, -87.37088775634766, -88.29234313964844, -87.52656555175781, -88.09082794189453, -87.2823715209961, -88.24776458740234, -87.32501220703125, -88.20752716064453, -87.16226196289062, -88.40821838378906, -87.19037628173828, -88.86515045166016, -87.63610076904297, -88.51583099365234, -87.80503845214844, -88.49600982666016, -87.7900161743164, -89.01067352294922, -88.27312469482422, -88.63761901855469, -87.74948120117188, -89.27938079833984, -88.37318420410156, -89.25361633300781, -88.13887786865234, -89.45931243896484, -88.33881378173828, -89.68359375, -88.3521957397461, -89.72821807861328, -88.9859619140625, -89.46187591552734, -88.76123046875, -89.6616439819336, -88.91246795654297, -89.78414154052734, -88.91007995605469, -90.39875030517578, -89.45230102539062, -90.26286315917969, -89.19194793701172, -90.66199493408203, -89.49933624267578, -90.82646942138672, -89.70654296875, -90.65325164794922, -90.1266098022461, -90.9023666381836, -90.22128295898438, -91.2026596069336, -90.4147720336914, -91.45347595214844, -90.5558090209961, -91.548583984375, -90.61426544189453, -91.7680892944336, -90.69403076171875, -91.95584869384766, -90.76555633544922, -92.44844818115234, -91.36527252197266, -92.48323059082031, -91.87010955810547, -92.65876007080078, -91.96587371826172, -93.09591674804688, -92.2720947265625, -93.51702117919922, -92.6064224243164, -93.26427459716797, -92.33226013183594, -93.70157623291016, -92.68012237548828, -94.19821166992188, -93.0077896118164, -94.13819122314453, -93.55670166015625, -94.53164672851562, -93.85365295410156, -94.85853576660156, -94.23400115966797, -94.94537353515625, -94.26128387451172, -95.46961212158203, -94.71648406982422, -95.82820129394531, -94.96399688720703, -96.25621795654297, -95.27661895751953, -96.58757019042969, -95.57281494140625, -96.56661224365234, -95.89786529541016, -96.76673126220703, -96.27693176269531, -97.49090576171875, -96.85470581054688, -97.41315460205078, -96.73912048339844, -98.13941192626953, -97.55433654785156, -98.67134857177734, -97.93939971923828, -98.76457214355469, -97.87762451171875, -99.1146240234375, -98.4861068725586, -99.57121276855469, -99.10736083984375, -99.83747863769531, -99.37712860107422, -99.66841125488281, -99.1594009399414, -100.02154541015625, -99.66226196289062, -100.38616943359375, -99.89873504638672, -100.76724243164062, -100.33989715576172, -100.91043090820312, -100.27375793457031, -101.02544403076172, -100.59037780761719, -101.17009735107422, -100.85091400146484, -101.21812438964844, -100.84990692138672, -101.15008544921875, -100.96056365966797, -101.18461608886719, -100.84903717041016, -100.91181182861328, -100.42232513427734, -100.74617767333984, -100.29060363769531, -100.39112854003906, -99.95323944091797, -100.37078857421875, -99.73629760742188, -99.60909271240234, -99.27637481689453, -99.49018096923828, -98.9381332397461, -98.943115234375, -98.4324722290039, -98.88626861572266, -98.2488784790039, -98.83089447021484, -98.11637878417969, -98.54114532470703, -97.8426513671875, -98.35751342773438, -97.45103454589844, -97.95152282714844, -97.29005432128906, -97.39314270019531, -96.7939682006836, -97.33367156982422, -96.6074447631836, -97.1214828491211, -96.43289947509766, -96.85171508789062, -96.00432586669922, -96.9195556640625, -95.97967529296875, -96.30741119384766, -95.36980438232422, -96.62625122070312, -95.67545318603516, -96.0653076171875, -95.5069351196289, -95.72775268554688, -95.07080841064453, -95.8648452758789, -95.12657165527344, -95.29326629638672, -94.45919799804688, -95.45951080322266, -94.62552642822266, -95.0600357055664, -94.00407409667969, -94.7314682006836, -93.69760131835938, -95.20905303955078, -94.2509765625, -94.58715057373047, -93.97859191894531, -94.23939514160156, -93.52604675292969, -94.0589599609375, -93.28828430175781, -94.11377716064453, -93.21918487548828, -93.74824523925781, -92.78749084472656, -93.9657974243164, -92.907958984375, -93.7840805053711, -92.65593719482422, -93.16934967041016, -92.4457778930664, -93.11314392089844, -92.52950286865234, -92.87932586669922, -92.2202377319336, -92.9734115600586, -92.10464477539062, -92.7452621459961, -91.857177734375, -92.54605102539062, -91.45194244384766, -92.81088256835938, -91.60687255859375, -92.57748413085938, -91.3680648803711, -92.16959381103516, -91.43276977539062, -91.76593017578125, -91.14251708984375, -91.87608337402344, -91.13951110839844, -91.76045227050781, -90.85948944091797, -91.66934967041016, -90.71137237548828, -91.98902893066406, -90.92948913574219, -91.63892364501953, -90.4781265258789, -91.74566650390625, -90.70561218261719, -91.45393371582031, -90.8002700805664, -91.00348663330078, -90.35713195800781, -90.97962188720703, -90.17403411865234, -90.87577056884766, -89.98551177978516, -90.87915802001953, -89.8706283569336, -90.85467529296875, -89.74739074707031, -90.83138275146484, -89.61479949951172, -90.68892669677734, -89.57022857666016, -90.26063537597656, -89.68093872070312, -90.41413879394531, -89.66365814208984, -90.29605102539062, -89.49942016601562, -90.27680206298828, -89.37351989746094, -90.60772705078125, -89.57495880126953, -90.35126495361328, -89.21217346191406, -90.25984191894531, -89.04066467285156, -90.14263153076172, -89.42923736572266, -90.0544662475586, -89.4041519165039, -90.03610229492188, -89.2891616821289, -89.81160736083984, -88.93944549560547, -90.2047348022461, -89.25241088867188, -90.326171875, -89.3011703491211, -90.43770599365234, -89.2525863647461, -90.28469848632812, -89.00659942626953, -90.19155883789062, -89.47584533691406, -89.9805679321289, -89.3402099609375, -90.17005157470703, -89.3575439453125, -90.34809875488281, -89.44400024414062, -90.20036315917969, -89.23424530029297, -90.26675415039062, -89.19180297851562, -90.31733703613281, -89.12071990966797, -90.26496124267578, -89.15919494628906, -90.03160095214844, -89.4593734741211, -90.35153198242188, -89.64488220214844, -90.30441284179688, -89.53641510009766, -90.64933776855469, -89.75585174560547, -90.81990814208984, -89.87638092041016, -90.75679016113281, -89.63949584960938, -91.15469360351562, -89.97635650634766, -90.95052337646484, -89.84366607666016, -90.65892791748047, -90.03828430175781, -91.30303955078125, -90.64107513427734, -91.11273956298828, -90.29792022705078, -91.3987045288086, -90.4670181274414, -91.08384704589844, -89.97687530517578, -91.40824890136719, -90.26312255859375, -91.45011901855469, -90.19239807128906, -91.27880096435547, -90.56103515625, -91.22057342529297, -90.53143310546875, -91.26988983154297, -90.51382446289062, -91.44194030761719, -90.58868408203125, -91.6427230834961, -90.71520233154297, -91.82763671875, -90.8287582397461, -91.52385711669922, -90.3484878540039, -91.89912414550781, -90.62605285644531, -91.17028045654297, -90.51493835449219, -91.21309661865234, -90.47364044189453, -91.2784423828125, -90.52359771728516, -91.45458221435547, -90.635009765625, -91.31501770019531, -90.29032135009766, -91.27360534667969, -90.19876098632812, -91.38253021240234, -90.2370834350586, -91.30497741699219, -90.22906494140625, -90.93280792236328, -90.28594970703125, -90.99917602539062, -90.36485290527344, -90.97966766357422, -90.21573638916016, -91.22089385986328, -90.30781555175781, -90.98336791992188, -89.92639923095703, -91.00929260253906, -89.87060546875, -91.27481842041016, -90.0655746459961, -91.22247314453125, -90.09617614746094, -90.7058334350586, -90.11713409423828, -90.78107452392578, -90.06832885742188, -90.69950866699219, -89.91593170166016, -90.5872802734375, -89.65425109863281, -90.93866729736328, -89.92877960205078, -91.0718994140625, -89.93463134765625, -90.93721008300781, -89.72591400146484, -90.55889892578125, -89.87569427490234, -91.12667083740234, -90.52330017089844, -90.6843490600586, -89.92420196533203, -90.70252990722656, -89.86760711669922, -90.99773406982422, -89.99332427978516, -91.08674621582031, -90.06732177734375, -91.2384033203125, -90.12712097167969, -91.16793823242188, -89.86506652832031, -90.95712280273438, -90.16490936279297, -90.74658203125, -90.05125427246094, -90.79889678955078, -90.03459930419922, -91.23343658447266, -90.34724426269531, -90.87010955810547, -89.8542709350586, -91.06581115722656, -90.02794647216797, -91.16895294189453, -89.99557495117188, -91.5161361694336, -90.42597961425781, -91.07295227050781, -90.51618957519531, -91.3542709350586, -90.66108703613281, -91.18842315673828, -90.52784729003906, -91.34819030761719, -90.47352600097656, -91.30443572998047, -90.29059600830078, -91.67088317871094, -90.6109390258789, -91.66650390625, -90.43891143798828, -91.91785430908203, -90.85822296142578, -91.55265045166016, -90.9765396118164, -92.08008575439453, -91.35700225830078, -92.26981353759766, -91.51638793945312, -92.18952178955078, -91.3328857421875, -92.43822479248047, -91.43080139160156, -92.75546264648438, -91.65885162353516, -92.76970672607422, -91.62604522705078, -92.77729797363281, -92.1126480102539, -92.7673110961914, -92.12784576416016, -92.86705780029297, -92.20304107666016, -93.12303924560547, -92.36518859863281, -93.30817413330078, -92.4177474975586, -93.515380859375, -92.45077514648438, -93.67919158935547, -92.6126480102539, -94.173583984375, -93.0487289428711, -94.11290740966797, -93.39968872070312, -93.9554672241211, -93.46273040771484, -94.20167541503906, -93.50439453125, -93.97171783447266, -93.1759033203125, -94.12356567382812, -93.2449951171875, -94.54344940185547, -93.51716613769531, -94.65013885498047, -93.7033462524414, -94.86032104492188, -93.91445922851562, -94.62516021728516, -94.04414367675781, -94.7651138305664, -94.04768371582031, -94.62393951416016, -93.95436096191406, -94.74925994873047, -93.9287109375, -95.09967041015625, -94.24234771728516, -94.66539764404297, -93.60649871826172, -94.7707290649414, -93.65628814697266, -94.40934753417969, -93.34973907470703, -94.24202728271484, -93.72797393798828, -94.0112075805664, -93.3060302734375, -93.79065704345703, -92.98928833007812, -93.66309356689453, -92.821533203125, -93.94817352294922, -92.97261047363281, -93.9292984008789, -92.85106658935547, -93.41316223144531, -92.18877410888672, -93.11890411376953, -92.37244415283203, -92.48682403564453, -91.81475067138672, -92.58590698242188, -91.85539245605469, -92.34584045410156, -91.47908782958984, -91.92948913574219, -91.07250213623047, -92.07637023925781, -91.0945816040039, -91.76495361328125, -90.6078872680664, -91.54987335205078, -90.3448486328125, -91.22711181640625, -90.4439468383789, -90.51846313476562, -89.88396453857422, -90.72151947021484, -90.0146255493164, -90.36141204833984, -89.48319244384766, -90.61925506591797, -89.63641357421875, -90.39159393310547, -89.28343200683594, -89.69632720947266, -88.48848724365234, -89.94135284423828, -88.76593780517578, -89.61027526855469, -89.02962493896484, -89.23448944091797, -88.47032165527344, -89.14795684814453, -88.35061645507812, -89.0683364868164, -88.19324493408203, -88.85912322998047, -87.82836151123047, -88.70496368408203, -87.56613159179688, -88.49225616455078, -87.26203918457031, -88.7612075805664, -87.62134552001953, -88.08338928222656, -87.44074249267578, -88.07400512695312, -87.34439086914062, -87.94890594482422, -87.10162353515625, -88.03477478027344, -87.10086059570312, -87.98303985595703, -86.92500305175781, -87.95051574707031, -86.81982421875, -87.94032287597656, -86.67745971679688, -87.31322479248047, -86.57196044921875, -87.39051055908203, -86.71369934082031, -87.50102996826172, -86.77251434326172, -87.24347686767578, -86.36654663085938, -87.3825454711914, -86.42018127441406, -87.23894500732422, -86.18663787841797, -87.55076599121094, -86.38655853271484, -87.32516479492188, -86.01875305175781, -87.41502380371094, -86.65460205078125, -87.04751586914062, -86.39808654785156, -87.340087890625, -86.55087280273438, -87.23211669921875, -86.3339614868164, -87.01057434082031, -85.98250579833984, -87.1902084350586, -86.08319091796875, -87.27995300292969, -86.04840087890625, -87.65945434570312, -86.5864486694336, -86.82514190673828, -86.20694732666016, -87.06214141845703, -86.37307739257812, -87.13540649414062, -86.30404663085938, -87.33458709716797, -86.4190902709961, -87.17452239990234, -86.14181518554688, -87.53890228271484, -86.40213775634766, -87.41881561279297, -86.12933349609375, -87.5420913696289, -86.40421295166016, -87.038330078125, -86.39202880859375, -86.9774398803711, -86.23286437988281, -87.19647979736328, -86.38745880126953, -87.43306732177734, -86.48417663574219, -87.84228515625, -86.7959976196289, -87.57685852050781, -86.38993072509766, -87.67138671875, -86.4202651977539, -87.58787536621094, -86.85476684570312, -87.42350769042969, -86.7253189086914, -87.37736511230469, -86.63574981689453, -87.80503845214844, -86.92010498046875, -87.52607727050781, -86.59239196777344, -88.00808715820312, -86.91399383544922, -87.9811782836914, -86.7929916381836, -88.08940887451172, -86.81448364257812, -88.3309326171875, -87.59203338623047, -88.13461303710938, -87.45436096191406, -88.41712188720703, -87.64159393310547, -88.38605499267578, -87.48011779785156, -88.76760864257812, -87.79124450683594, -89.10208892822266, -88.04689025878906, -89.17530059814453, -88.0090560913086, -89.29934692382812, -88.19512939453125, -89.24493408203125, -88.6221923828125, -89.34119415283203, -88.61090087890625, -89.579345703125, -88.77706146240234, -89.84156799316406, -88.9423599243164, -90.12561798095703, -89.12652587890625, -90.48369598388672, -89.44416046142578, -90.57476043701172, -89.34622192382812, -91.10397338867188, -89.9843521118164, -90.8338394165039, -90.18728637695312, -90.83362579345703, -90.1457748413086, -91.23137664794922, -90.40765380859375, -91.35079193115234, -90.44738006591797, -91.87061309814453, -90.87417602539062, -91.76274871826172, -90.62794494628906, -91.99775695800781, -90.83409881591797, -92.29486846923828, -91.53467559814453, -92.25908660888672, -91.63522338867188, -92.73056030273438, -92.12625885009766, -92.81427001953125, -91.96058654785156, -93.0759506225586, -92.14877319335938, -93.2437515258789, -92.25997161865234, -93.3342056274414, -92.29178619384766, -93.71691131591797, -92.5301742553711, -93.82030487060547, -93.22335815429688, -93.58171081542969, -92.8193588256836, -93.81725311279297, -93.15299987792969, -93.87013244628906, -93.00093078613281, -94.05916595458984, -93.21538543701172, -94.01647186279297, -93.0295181274414, -94.13615417480469, -93.0745620727539, -94.05529022216797, -92.9857406616211, -93.88396453857422, -93.30396270751953, -94.01651763916016, -93.45516204833984, -93.90217590332031, -93.16331481933594, -93.70735168457031, -92.92440032958984, -94.04454040527344, -93.18659210205078, -102.37212371826172, -103.15267944335938, -103.11991119384766, -103.26555633544922, -103.08369445800781, -102.99868774414062, -103.09391784667969, -103.17752838134766, -103.25777435302734, -103.3210220336914, -103.26514434814453, -103.08352661132812, -103.2160415649414, -103.17559814453125, -103.06182861328125, -103.12152862548828, -103.1168212890625, -102.98757934570312, -102.927490234375, -103.00485229492188, -103.05485534667969, -102.98351287841797, -102.94880676269531, -102.87422180175781, -102.958740234375, -103.09046173095703, -103.11946105957031, -103.19831085205078, -103.00072479248047, -102.9936294555664, -103.04454040527344, -103.04546356201172, -103.32948303222656, -103.14681243896484, -103.12224578857422, -103.00922393798828, -103.04911041259766, -102.9977035522461, -102.96377563476562, -103.09040069580078, -103.30384063720703, -103.19930267333984, -103.2279052734375, -103.0749740600586, -103.076171875, -103.02752685546875, -103.04693603515625, -103.0140609741211, -103.03443145751953, -103.03960418701172, -102.99120330810547, -102.8743667602539, -103.13494110107422, -102.9498062133789, -103.03669738769531, -103.00819396972656, -103.07018280029297, -103.21968841552734, -103.28111267089844, -103.18896484375, -103.06110382080078, -103.03903198242188, -103.30784606933594, -103.16529083251953, -103.14321899414062, -103.25267791748047, -103.12305450439453, -103.06061553955078, -103.13256072998047, -102.98812866210938, -102.9815444946289, -102.92317962646484, -103.13200378417969, -103.0808334350586, -103.19224548339844, -103.0246353149414, -103.30084991455078, -103.1380844116211, -103.15399932861328, -103.0701904296875, -102.90058898925781, -103.05696105957031, -103.07245635986328, -103.13529968261719, -103.07377624511719, -102.96192169189453, -102.90068054199219, -103.17345428466797, -103.1308364868164, -103.11474609375, -103.08992767333984, -102.97703552246094, -103.09902954101562, -103.22909545898438, -103.20714569091797, -103.17731475830078, -103.21601104736328, -103.10284423828125, -102.94402313232422, -102.98657989501953, -102.96501159667969, -102.95133972167969, -103.1343002319336, -103.18269348144531, -103.09540557861328, -103.1590576171875, -103.1604995727539, -103.05248260498047, -103.11833190917969, -103.22102355957031, -103.2382583618164, -103.09080505371094, -102.99846649169922, -102.96568298339844, -103.06629180908203, -103.08856201171875, -103.17095947265625, -103.1368179321289, -103.13785552978516, -103.15995788574219, -103.0322265625, -103.16923522949219, -103.36764526367188, -103.0783920288086, -103.14720916748047, -103.32408905029297, -103.35932159423828, -103.13777160644531, -103.03202056884766, -103.05427551269531, -103.06995391845703, -103.08338928222656, -103.0438232421875, -103.07440948486328, -103.24147033691406, -103.00751495361328, -103.20386505126953, -103.23108673095703, -103.23973846435547, -103.16326904296875, -103.05669403076172, -102.96235656738281, -102.98365783691406, -102.96442413330078, -102.82260131835938, -102.81893157958984, -102.95499420166016, -102.9809799194336, -103.03502655029297, -103.1025619506836, -103.134765625, -103.0896224975586, -103.0691909790039, -102.88636779785156, -102.83499145507812, -102.84579467773438, -102.77544403076172, -102.876953125, -103.14646911621094, -102.98561096191406, -103.00099182128906, -103.19305419921875, -103.21343994140625, -103.0921859741211, -103.09552001953125, -103.19783020019531, -103.0714111328125, -102.97344970703125, -102.94011688232422, -103.00363159179688, -103.02633666992188, -103.27005767822266, -103.3717269897461, -103.39823913574219, -103.15824890136719, -103.02597045898438, -103.0618896484375, -102.94689178466797, -103.10201263427734, -102.96685791015625, -103.08930206298828, -102.9692611694336, -103.27808380126953, -103.35294342041016, -103.1665267944336, -103.36582946777344, -103.16913604736328, -102.9821548461914, -102.91413879394531, -103.05897521972656, -103.10356140136719, -102.77798461914062, -102.88034057617188, -103.12329864501953, -103.0724868774414, -103.05110931396484, -102.95476531982422, -103.23997497558594, -103.2053451538086, -102.91350555419922, -103.05677032470703, -103.25376892089844, -103.08138275146484, -103.21427154541016, -103.0115966796875, -103.0579833984375, -103.1344223022461, -103.10041809082031, -103.12771606445312, -103.15496063232422, -103.11471557617188, -103.125244140625, -103.12964630126953, -102.90406799316406, -102.85897827148438, -102.96668243408203, -103.02777862548828, -103.16680908203125, -103.25918579101562, -103.04625701904297, -103.0615463256836, -103.09020233154297, -103.04180145263672];
200010;0x6340634063406340634063406340634063406340634063406340634063406340;-86.03583055285469;-71.05198455669904;21.03453827490834;3.55;3.98;4.44668888888889;1.31;3.283611111111111;7.02;[-102.93971252441406, -102.63603210449219, -102.5720443725586, -102.7293930053711, -102.8619613647461, -102.66923522949219, -102.63468933105469, -102.87422943115234, -102.76309967041016, -102.75444030761719, -102.87578582763672, -103.0355453491211, -103.01655578613281, -102.76602172851562, -102.68336486816406, -102.5040283203125, -102.5052490234375, -102.89433288574219, -103.04180145263672, -102.929931640625, -102.7037582397461, -102.66093444824219, -102.62923431396484, -102.54222869873047, -102.50434112548828, -102.9515609741211, -103.0749740600586, -102.75614929199219, -103.01408386230469, -102.98728942871094, -102.90408325195312, -102.61627960205078, -102.46077728271484, -102.72147369384766, -102.973876953125, -102.78331756591797, -102.6211166381836, -102.84293365478516, -102.90413665771484, -102.68121337890625, -102.5977783203125, -102.56214141845703, -102.42826080322266, -102.70996856689453, -102.89420318603516, -102.80647277832031, -102.79053497314453, -102.6760025024414, -102.71144104003906, -102.77201080322266, -102.7684326171875, -102.69551849365234, -102.72006225585938, -102.38521575927734, -102.40770721435547, -102.57099151611328, -102.47038269042969, -102.58477783203125, -102.4303970336914, -102.51376342773438, -102.47039031982422, -102.63262939453125, -102.96817779541016, -102.64656829833984, -102.2483901977539, -103.04292297363281, -102.87557983398438, -102.84159851074219, -102.83229064941406, -102.72117614746094, -102.63201141357422, -102.79431915283203, -102.8695297241211, -102.7170639038086, -102.48690795898438, -102.9016342163086, -102.76473999023438, -102.93280792236328, -102.7516098022461, -102.91878509521484, -102.69471740722656, -102.65394592285156, -102.62055206298828, -102.77285766601562, -102.73576354980469, -102.63109588623047, -102.80435943603516, -103.0701675415039, -102.6684341430664, -102.61668395996094, -102.67753601074219, -102.75221252441406, -102.75108337402344, -102.67842864990234, -102.84795379638672, -102.88276672363281, -102.92189025878906, -102.6510238647461, -102.50627899169922, -102.602294921875, -102.62284851074219, -102.86646270751953, -103.04976654052734, -102.90042114257812, -102.8062515258789, -102.72624206542969, -102.69351959228516, -102.56560516357422, -102.69625854492188, -102.79407501220703, -102.92474365234375, -102.24525451660156, -102.22132873535156, -102.96257019042969, -103.03993225097656, -103.07379913330078, -102.793701171875, -102.8197021484375, -102.9791259765625, -102.93289947509766, -102.98265075683594, -102.78303527832031, -102.55509185791016, -102.72602844238281, -102.86068725585938, -102.7791519165039, -102.88847351074219, -102.8007583618164, -102.76654052734375, -102.9078140258789, -102.94798278808594, -103.01451110839844, -103.00111389160156, -102.81410217285156, -102.80201721191406, -102.81791687011719, -102.7040786743164, -102.69168853759766, -102.66568756103516, -102.66069030761719, -102.54702758789062, -102.92742919921875, -102.80216217041016, -102.83831024169922, -102.79197692871094, -102.72321319580078, -102.93510437011719, -102.96046447753906, -102.5882568359375, -102.94949340820312, -102.82778930664062, -102.5054702758789, -102.41871643066406, -102.74714660644531, -102.84584045410156, -102.92942810058594, -102.95178985595703, -102.96790313720703, -102.94727325439453, -103.00460052490234, -103.15425872802734, -103.06957244873047, -102.92031860351562, -103.1088638305664, -103.06568908691406, -102.80304718017578, -102.75882720947266, -102.93928527832031, -102.9188232421875, -102.94093322753906, -103.00041961669922, -103.00694274902344, -103.02581024169922, -103.09371948242188, -103.14949035644531, -103.05781555175781, -102.80289459228516, -102.99010467529297, -102.99556732177734, -103.02609252929688, -102.9691162109375, -102.95050048828125, -102.78673553466797, -102.93199920654297, -102.89307403564453, -102.71701049804688, -102.91361999511719, -103.01971435546875, -102.90965270996094, -102.93392181396484, -102.85762786865234, -102.63892364501953, -102.87593078613281, -103.09457397460938, -102.87694549560547, -102.97171783447266, -102.76625061035156, -102.93170928955078, -103.03909301757812, -102.99766540527344, -102.91497039794922, -102.93512725830078, -102.67479705810547, -102.71160125732422, -102.71843719482422, -103.05165100097656, -103.20480346679688, -102.7926025390625, -102.77769470214844, -102.78106689453125, -102.73796844482422, -103.01375579833984, -102.92185974121094, -102.93292999267578, -102.9267578125, -102.9190673828125, -102.94021606445312, -102.50581359863281, -102.49223327636719, -102.80632019042969, -102.93335723876953, -102.87044525146484, -101.67144012451172, -86.92173767089844, -85.9350357055664, -87.30770111083984, -86.37611389160156, -87.4073257446289, -86.32257843017578, -87.103759765625, -85.89363861083984, -86.90412139892578, -85.5894775390625, -86.76363372802734, -86.029296875, -86.83404541015625, -86.1338882446289, -87.02716064453125, -86.25581359863281, -86.96073150634766, -86.10125732421875, -86.75979614257812, -85.7851791381836, -86.92182922363281, -85.82917022705078, -87.18364715576172, -85.96222686767578, -87.15760040283203, -86.01102447509766, -86.30763244628906, -85.69062042236328, -86.38954162597656, -85.69721221923828, -86.31026458740234, -85.49179077148438, -86.11444854736328, -85.16975402832031, -86.3001708984375, -85.24046325683594, -86.26692199707031, -85.17664337158203, -86.44375610351562, -85.18258666992188, -86.46324157714844, -85.3005142211914, -86.08531951904297, -85.46113586425781, -85.91999053955078, -85.19535064697266, -86.3759536743164, -85.52670288085938, -85.73213958740234, -84.78352355957031, -85.9785385131836, -84.89029693603516, -86.25826263427734, -85.08881378173828, -86.03631591796875, -84.7440185546875, -86.01941680908203, -85.28567504882812, -85.48155212402344, -84.79560089111328, -85.6156234741211, -84.87797546386719, -85.8017578125, -84.93000030517578, -85.74372863769531, -84.77177429199219, -85.67654418945312, -84.57775115966797, -85.4419174194336, -84.2392349243164, -85.751708984375, -84.4607925415039, -85.51610565185547, -84.73626708984375, -85.1856460571289, -84.53284454345703, -85.07664489746094, -84.27851867675781, -84.82010650634766, -83.92180633544922, -84.97762298583984, -83.96876525878906, -85.07054138183594, -84.00100708007812, -85.3058853149414, -84.09664154052734, -85.02735137939453, -83.85568237304688, -84.65503692626953, -84.02413177490234, -84.58283996582031, -83.89611053466797, -84.58493041992188, -83.76240539550781, -84.67878723144531, -83.71307373046875, -84.49527740478516, -83.44056701660156, -84.19779968261719, -83.05239868164062, -84.21688079833984, -82.98114776611328, -84.4234390258789, -83.27900695800781, -84.10224151611328, -83.45259094238281, -83.89366912841797, -83.17076873779297, -84.08304595947266, -83.2168960571289, -84.15953063964844, -83.18402099609375, -83.93202209472656, -82.86139678955078, -83.92716217041016, -82.7587890625, -84.05866241455078, -82.77984619140625, -83.4651107788086, -82.71646118164062, -83.40056610107422, -82.73871612548828, -83.50546264648438, -82.73007202148438, -83.52678680419922, -82.63632202148438, -83.67378234863281, -82.70954895019531, -83.74755096435547, -82.6556625366211, -83.51648712158203, -82.31198120117188, -83.45172119140625, -82.12538146972656, -83.51454162597656, -82.76844024658203, -83.285888671875, -82.5919189453125, -83.12938690185547, -82.3214340209961, -83.47820281982422, -82.59198760986328, -83.24391174316406, -82.24165344238281, -83.20613098144531, -82.0768051147461, -83.31365966796875, -82.10191345214844, -83.78873443603516, -82.67466735839844, -83.16262817382812, -82.5570068359375, -83.0943832397461, -82.35372161865234, -83.43620300292969, -82.64881896972656, -83.5769271850586, -82.64750671386719, -83.57161712646484, -82.53368377685547, -83.39785766601562, -82.2408676147461, -83.71189880371094, -82.49107360839844, -84.02450561523438, -82.8683853149414, -83.43793487548828, -82.78508758544922, -83.44805145263672, -82.71050262451172, -83.70955657958984, -82.90160369873047, -83.83207702636719, -82.87776184082031, -83.9022216796875, -82.85004425048828, -84.04442596435547, -82.89688873291016, -84.26514434814453, -83.0008544921875, -84.21871185302734, -83.48693084716797, -84.04469299316406, -83.40149688720703, -84.14169311523438, -83.39767456054688, -84.28158569335938, -83.39476776123047, -84.39627838134766, -83.40605926513672, -84.5726318359375, -83.49225616455078, -84.48558044433594, -83.27753448486328, -85.19816589355469, -83.91654205322266, -84.89810180664062, -84.12821197509766, -84.58546447753906, -83.89444732666016, -85.14090728759766, -84.37755584716797, -85.03781127929688, -84.13044738769531, -85.0941162109375, -84.08732604980469, -85.14192199707031, -84.01176452636719, -85.33487701416016, -84.11593627929688, -85.46013641357422, -84.31253051757812, -85.13616180419922, -84.54512023925781, -85.5685043334961, -84.88851928710938, -85.57806396484375, -84.74453735351562, -85.66106414794922, -84.72566986083984, -85.74256896972656, -84.73699188232422, -85.73615264892578, -84.5916519165039, -85.95269012451172, -84.71829986572266, -85.78209686279297, -84.61750793457031, -85.82687377929688, -85.1613540649414, -85.6330337524414, -84.85144805908203, -85.64511108398438, -84.78864288330078, -85.61888122558594, -84.7055892944336, -85.92483520507812, -84.89458465576172, -86.20748901367188, -85.07270050048828, -85.75596618652344, -84.48965454101562, -85.67699432373047, -84.96891021728516, -85.62857055664062, -84.96117401123047, -85.80587005615234, -85.02346801757812, -86.01768493652344, -85.13866424560547, -85.53197479248047, -84.51978302001953, -85.60147094726562, -84.52342224121094, -85.7244644165039, -84.54045867919922, -85.73165893554688, -84.41121673583984, -85.3291244506836, -84.55619812011719, -85.36009979248047, -84.69332122802734, -85.74193572998047, -84.92969512939453, -85.02263641357422, -84.11265563964844, -85.69812774658203, -84.73701477050781, -85.60530853271484, -84.47555541992188, -85.65936279296875, -84.44908142089844, -85.62599182128906, -84.46400451660156, -84.894775390625, -84.32292175292969, -85.49481964111328, -84.79825592041016, -85.25476837158203, -84.423583984375, -85.31129455566406, -84.36919403076172, -85.38126373291016, -84.34842681884766, -85.55646514892578, -84.4547348022461, -85.53175354003906, -84.31183624267578, -85.54893493652344, -84.39571380615234, -85.38992309570312, -84.74781799316406, -85.19139862060547, -84.47801208496094, -85.4606704711914, -84.65531158447266, -85.57433319091797, -84.63694763183594, -85.19581604003906, -84.14013671875, -85.81798553466797, -84.67381286621094, -85.59465026855469, -84.32233428955078, -85.3415298461914, -84.59058380126953, -85.68213653564453, -85.04268646240234, -85.58573913574219, -84.78831481933594, -85.27825164794922, -84.41761779785156, -85.97039031982422, -85.04322814941406, -86.02298736572266, -84.92124938964844, -85.92109680175781, -84.7328109741211, -85.8052978515625, -84.4618911743164, -86.01152801513672, -85.3082504272461, -86.03950500488281, -85.32640075683594, -85.9085693359375, -85.14474487304688, -86.302490234375, -85.41664123535156, -86.00011444091797, -84.95993041992188, -86.27103424072266, -85.17518615722656, -86.30657196044922, -85.06884002685547, -86.77989196777344, -85.73103332519531, -86.04859924316406, -85.43006134033203, -86.35739135742188, -85.66205596923828, -86.27940368652344, -85.4524917602539, -86.4070053100586, -85.51459503173828, -86.30130004882812, -85.28284454345703, -86.70976257324219, -85.59247589111328, -86.7316665649414, -85.49996948242188, -86.27631378173828, -85.152587890625, -86.52517700195312, -85.96339416503906, -86.20036315917969, -85.43412780761719, -86.44337463378906, -85.65576171875, -86.2215347290039, -85.27845001220703, -86.3638687133789, -85.29302978515625, -86.58073425292969, -85.40628814697266, -86.73218536376953, -85.47859954833984, -86.32272338867188, -85.61410522460938, -86.11447143554688, -85.43546295166016, -86.0737533569336, -85.32775115966797, -86.16388702392578, -85.28050994873047, -86.5111312866211, -85.53187561035156, -86.39198303222656, -85.32897186279297, -86.60704040527344, -85.43569946289062, -86.58133697509766, -85.3143081665039, -86.39542388916016, -85.61405181884766, -86.21214294433594, -85.52423858642578, -86.1912612915039, -85.424072265625, -86.31983947753906, -85.45064544677734, -86.31890106201172, -85.34673309326172, -86.6289291381836, -85.55249786376953, -86.62319946289062, -85.4157485961914, -86.66580200195312, -85.51470184326172, -86.3971176147461, -85.78508758544922, -86.2896957397461, -85.58735656738281, -86.55332946777344, -85.75175476074219, -86.39370727539062, -85.45453643798828, -86.51762390136719, -85.51819610595703, -86.67881774902344, -85.55602264404297, -86.62350463867188, -85.41861724853516, -86.70521545410156, -85.54566955566406, -86.22962951660156, -85.62071990966797, -86.44198608398438, -85.7282485961914, -86.63679504394531, -85.80096435546875, -86.50312042236328, -85.5797119140625, -86.49989318847656, -85.41934204101562, -86.454833984375, -85.33251190185547, -86.7745132446289, -85.5055160522461, -86.94013977050781, -86.2219467163086, -86.52263641357422, -85.88140869140625, -86.79901885986328, -86.04399108886719, -86.91621398925781, -86.0504150390625, -86.90816497802734, -85.96952819824219, -86.69392395019531, -85.60075378417969, -86.99697875976562, -85.83177185058594, -86.99768829345703, -85.72753143310547, -86.85736846923828, -86.13301849365234, -86.84185028076172, -86.15972137451172, -86.73995208740234, -85.95928955078125, -86.87559509277344, -85.96728515625, -86.98773956298828, -85.99187469482422, -86.99604797363281, -85.88065338134766, -86.9588623046875, -85.75216674804688, -87.30794525146484, -86.19563293457031, -87.0116958618164, -86.4058609008789, -87.06420135498047, -86.36567687988281, -86.94810485839844, -86.1573715209961, -87.28556823730469, -86.38372802734375, -87.0556869506836, -86.05256652832031, -87.47055053710938, -86.35350799560547, -87.18960571289062, -85.95768737792969, -87.36492156982422, -86.21283721923828, -86.70692443847656, -86.07730865478516, -86.77583312988281, -86.03395080566406, -87.12517547607422, -86.30864715576172, -86.85121154785156, -85.91934204101562, -87.00547790527344, -85.97074127197266, -87.12001037597656, -85.984375, -87.5028305053711, -86.2730941772461, -87.73521423339844, -86.9966049194336, -86.97709655761719, -86.31653594970703, -87.02053833007812, -86.27827453613281, -87.15098571777344, -86.34228515625, -87.31240844726562, -86.34257507324219, -87.31420135498047, -86.23390197753906, -87.30238342285156, -86.09871673583984, -87.8775634765625, -86.59767150878906, -87.30045318603516, -86.53564453125, -87.45487976074219, -86.75592041015625, -87.38455200195312, -86.5981216430664, -87.44287872314453, -86.53841400146484, -87.3437728881836, -86.36090087890625, -87.4571304321289, -86.35890197753906, -87.39629364013672, -86.21271514892578, -87.75119018554688, -86.60830688476562, -87.07391357421875, -86.49891662597656, -87.53031158447266, -86.83991241455078, -87.91609191894531, -87.12671661376953, -87.82490539550781, -86.91512298583984, -88.0000228881836, -87.00738525390625, -88.28475952148438, -87.16063690185547, -87.94508361816406, -86.69033813476562, -88.27537536621094, -87.16022491455078, -87.52973175048828, -86.91939544677734, -88.01679992675781, -87.31475067138672, -88.10474395751953, -87.26323699951172, -88.3752670288086, -87.44857788085938, -87.83753204345703, -86.79602813720703, -88.2761001586914, -87.13246154785156, -88.72903442382812, -87.4643783569336, -88.52906036376953, -87.79918670654297, -88.31454467773438, -87.69197845458984, -88.6859359741211, -87.92621612548828, -88.69920349121094, -87.84378051757812, -88.7998275756836, -87.8426742553711, -88.77421569824219, -87.7020263671875, -89.17601013183594, -88.01162719726562, -89.26705932617188, -87.9945297241211, -89.07042694091797, -88.344482421875, -89.4146499633789, -88.7218017578125, -89.77789306640625, -89.02156066894531, -89.655517578125, -88.74808502197266, -89.57141876220703, -88.60342407226562, -90.16869354248047, -89.09709167480469, -90.18254089355469, -89.01874542236328, -90.6148452758789, -89.52809143066406, -89.8411865234375, -89.2706298828125, -90.57412719726562, -89.94593048095703, -90.34147644042969, -89.54468536376953, -90.73939514160156, -89.89360809326172, -91.10315704345703, -90.10995483398438, -91.14065551757812, -90.06939697265625, -91.27510833740234, -90.1240005493164, -91.69236755371094, -90.6198959350586, -91.0555419921875, -90.45858001708984, -91.28636169433594, -90.58580780029297, -91.45486450195312, -90.69976043701172, -91.4100341796875, -90.51980590820312, -91.74329376220703, -90.73663330078125, -91.70030212402344, -90.58634948730469, -92.00357818603516, -90.82775115966797, -91.88584899902344, -91.15105438232422, -91.86089324951172, -91.27047729492188, -91.55358123779297, -90.85822296142578, -92.16338348388672, -91.36162567138672, -91.9483871459961, -91.0451889038086, -91.8890609741211, -90.78440856933594, -91.85987854003906, -90.77908325195312, -92.31330871582031, -91.13053894042969, -91.94071960449219, -91.21837615966797, -91.97061920166016, -91.3221435546875, -91.97188568115234, -91.1905517578125, -91.65670013427734, -90.7872314453125, -91.99577331542969, -91.11257934570312, -92.0309829711914, -90.9379653930664, -92.19698333740234, -91.07372283935547, -92.21395874023438, -91.13428497314453, -91.82617950439453, -91.22508239746094, -92.09616088867188, -91.4565200805664, -91.98384857177734, -91.20653533935547, -92.21366882324219, -91.31379699707031, -92.34014129638672, -91.3670425415039, -92.3160400390625, -91.25847625732422, -92.18046569824219, -91.01000213623047, -92.9427261352539, -91.91022491455078, -92.2844467163086, -91.65485382080078, -92.35448455810547, -91.62393188476562, -93.04586029052734, -92.32106018066406, -92.77078247070312, -91.8441162109375, -92.93083953857422, -91.89730072021484, -92.98851776123047, -92.00897216796875, -93.31259155273438, -92.14562225341797, -93.29009246826172, -92.6646957397461, -93.21861267089844, -92.60049438476562, -93.64531707763672, -93.00731658935547, -93.45779418945312, -92.70539855957031, -93.60134887695312, -92.68199920654297, -93.66171264648438, -92.79751586914062, -94.08103942871094, -93.03563690185547, -94.1839370727539, -93.06398010253906, -94.17771911621094, -93.568603515625, -93.8816909790039, -93.20572662353516, -94.35945129394531, -93.70226287841797, -94.54077911376953, -93.80941009521484, -94.4040298461914, -93.49700164794922, -94.98242950439453, -94.05046081542969, -94.49479675292969, -93.3584976196289, -95.01959228515625, -94.08714294433594, -94.97576141357422, -94.45257568359375, -94.95111083984375, -94.30882263183594, -94.68315887451172, -94.0346450805664, -95.09625244140625, -94.33042907714844, -95.18836975097656, -94.28031158447266, -94.68125915527344, -93.67796325683594, -95.01667022705078, -93.98088073730469, -95.07083129882812, -94.01439666748047, -94.31095123291016, -93.77879333496094, -94.0874252319336, -93.38900756835938, -94.2902603149414, -93.48284149169922, -93.8961181640625, -93.06830596923828, -93.72523498535156, -92.84476470947266, -93.55995178222656, -92.54503631591797, -93.27029418945312, -92.10208129882812, -93.02691650390625, -92.21694946289062, -92.54999542236328, -92.02277374267578, -92.35474395751953, -91.63829040527344, -91.92070007324219, -91.03943634033203, -91.94869995117188, -91.02839660644531, -91.59131622314453, -90.5723648071289, -91.08489990234375, -89.89525604248047, -90.91449737548828, -89.6842269897461, -90.7787094116211, -90.11153411865234, -90.00953674316406, -89.36885833740234, -89.9056396484375, -89.13463592529297, -90.1900863647461, -89.33013916015625, -89.50225830078125, -88.53539276123047, -89.6568832397461, -88.57596588134766, -89.50099182128906, -88.30216979980469, -88.94620513916016, -87.7877426147461, -88.34761810302734, -87.7695541381836, -88.42890930175781, -87.72270202636719, -87.72360229492188, -86.90164184570312, -87.575439453125, -86.64640045166016, -87.94200134277344, -86.95563507080078, -87.64646911621094, -86.50989532470703, -87.86077117919922, -86.61809539794922, -87.11095428466797, -85.95414733886719, -86.8094253540039, -86.1922836303711, -87.24987030029297, -86.49617767333984, -86.89874267578125, -86.05891418457031, -86.5509262084961, -85.61917877197266, -86.77100372314453, -85.75110626220703, -86.44695281982422, -85.30862426757812, -86.5473403930664, -85.28958129882812, -99.06206512451172, -101.23368835449219, -86.1407241821289, -85.38299560546875, -86.50411987304688, -85.72750854492188, -86.42056274414062, -85.58833312988281, -85.70525360107422, -84.7281723022461, -86.28579711914062, -85.2066421508789, -86.06317901611328, -84.89967346191406, -86.18272399902344, -84.89653778076172, -85.51467895507812, -84.75523376464844, -85.52241516113281, -84.87110900878906, -85.54499053955078, -84.75809478759766, -85.82915496826172, -84.96662902832031, -85.74542236328125, -84.73554992675781, -86.21379852294922, -85.12618255615234, -85.84413146972656, -84.62214660644531, -85.87206268310547, -84.56698608398438, -85.51879119873047, -84.73207092285156, -85.47984313964844, -84.7830581665039, -85.64852142333984, -84.80860137939453, -85.61758422851562, -84.72561645507812, -85.93757629394531, -84.93131256103516, -85.72843933105469, -84.59503173828125, -86.29503631591797, -85.08676147460938, -85.9512939453125, -84.79432678222656, -85.58390808105469, -84.9384765625, -85.94966888427734, -85.23755645751953, -85.5124740600586, -84.66349792480469, -85.5698013305664, -84.61644744873047, -86.14490509033203, -85.1109619140625, -86.43817901611328, -85.27085876464844, -86.21585083007812, -84.98500061035156, -86.78599548339844, -85.6433334350586, -86.1517105102539, -85.50568389892578, -86.49610900878906, -85.74724578857422, -86.41166687011719, -85.53219604492188, -86.62410736083984, -85.62808227539062, -86.59298706054688, -85.50719451904297, -86.79364013671875, -85.6669692993164, -87.33878326416016, -86.04761505126953, -86.9261703491211, -86.2069320678711, -86.98076629638672, -86.30655670166016, -87.51502990722656, -86.77891540527344, -87.30376434326172, -86.38011932373047, -87.91619873046875, -86.94898986816406, -87.80316925048828, -86.6996841430664, -88.1480712890625, -86.9556655883789, -88.27686309814453, -87.02552032470703, -88.61445617675781, -87.88827514648438, -88.33712005615234, -87.64695739746094, -88.62942504882812, -87.85395812988281, -88.7542724609375, -87.8182373046875, -89.36782836914062, -88.40160369873047, -89.3451156616211, -88.23133850097656, -89.85810852050781, -88.67613220214844, -89.94080352783203, -88.86001586914062, -89.9748306274414, -89.34288787841797, -90.18889617919922, -89.53516387939453, -90.59418487548828, -89.789306640625, -90.87268829345703, -89.9980239868164, -91.19046020507812, -90.1219253540039, -91.29985809326172, -90.22038269042969, -91.64216613769531, -90.47405242919922, -92.1526107788086, -91.04928588867188, -92.30564880371094, -91.7157974243164, -92.60182189941406, -91.88456726074219, -93.02710723876953, -92.27254486083984, -93.57981872558594, -92.73595428466797, -93.3507308959961, -92.38432312011719, -94.11160278320312, -93.10647583007812, -94.65570068359375, -93.64934539794922, -94.74960327148438, -94.20184326171875, -95.00086212158203, -94.49954986572266, -95.34541320800781, -94.68883514404297, -95.75167846679688, -95.11085510253906, -96.53243255615234, -95.73754119873047, -97.04141998291016, -96.07686614990234, -97.41865539550781, -96.48641967773438, -97.99093627929688, -97.00247192382812, -98.2708511352539, -97.62804412841797, -98.66859436035156, -98.2094955444336, -99.33780670166016, -98.75074005126953, -99.50385284423828, -98.95486450195312, -100.30033874511719, -99.73868560791016, -100.56017303466797, -100.0230484008789, -100.94511413574219, -100.7332534790039, -101.26270294189453, -100.64208221435547, -101.27185821533203, -101.09819793701172, -101.50881958007812, -101.26992797851562, -101.40424346923828, -101.32466125488281, -101.2925033569336, -100.86451721191406, -101.07402801513672, -100.57257080078125, -100.79352569580078, -100.45018005371094, -100.5846176147461, -99.84638977050781, -100.05677795410156, -99.46543884277344, -99.49254608154297, -98.98961639404297, -99.00887298583984, -98.53974914550781, -98.70331573486328, -98.17189025878906, -98.52806854248047, -97.85533142089844, -97.46559143066406, -96.57842254638672, -97.38133239746094, -96.42032623291016, -96.710693359375, -95.68396759033203, -96.50360107421875, -95.91439056396484, -95.6125259399414, -95.02310180664062, -95.31744384765625, -94.60667419433594, -94.8203353881836, -94.07964324951172, -94.71461486816406, -93.88024139404297, -94.5864486694336, -93.5826644897461, -94.31720733642578, -93.22999572753906, -93.84619903564453, -92.65531158447266, -93.51722717285156, -92.75702667236328, -92.91452026367188, -92.31348419189453, -92.93755340576172, -92.17296600341797, -92.95581817626953, -92.0654296875, -92.52242279052734, -91.532958984375, -92.71240997314453, -91.7076416015625, -92.28517150878906, -91.10919189453125, -92.22368621826172, -91.14551544189453, -91.79944610595703, -91.20831298828125, -91.46353149414062, -90.77510070800781, -91.5138168334961, -90.7728042602539, -91.13623046875, -90.2708511352539, -91.36788177490234, -90.3587875366211, -90.88555145263672, -89.71722412109375, -90.7849349975586, -89.61254119873047, -91.11089324951172, -89.95659637451172, -90.37030792236328, -89.74745178222656, -90.1143798828125, -89.3793716430664, -89.99312591552734, -89.19660949707031, -90.1245346069336, -89.19718170166016, -89.64981079101562, -88.57180786132812, -89.93663787841797, -88.86296844482422, -89.83479309082031, -88.55553436279297, -89.3062973022461, -88.55061340332031, -89.18495178222656, -88.52826690673828, -89.03191375732422, -88.27210998535156, -89.12379455566406, -88.2597885131836, -88.93941497802734, -87.91036224365234, -88.70308685302734, -87.6147689819336, -89.01649475097656, -87.77447509765625, -88.67577362060547, -87.38790893554688, -88.34111022949219, -87.5652084350586, -88.10465240478516, -87.42364501953125, -88.13026428222656, -87.34072875976562, -88.04246520996094, -87.1329574584961, -87.99531555175781, -86.95903778076172, -88.38512420654297, -87.29691314697266, -88.06172943115234, -86.79174041748047, -88.23625183105469, -87.09712982177734, -87.81267547607422, -87.22264099121094, -87.50878143310547, -86.76294708251953, -87.32074737548828, -86.45252227783203, -87.25037384033203, -86.28988647460938, -87.337158203125, -86.31729125976562, -87.35594940185547, -86.22720336914062, -87.33575439453125, -86.03280639648438, -87.13037872314453, -85.99193572998047, -86.80485534667969, -86.14066314697266, -86.88269805908203, -86.13754272460938, -86.82994079589844, -85.96284484863281, -86.84590148925781, -85.88105773925781, -87.1509017944336, -86.08916473388672, -86.98062896728516, -85.82849884033203, -86.84185791015625, -85.53364562988281, -86.63619232177734, -85.89539337158203, -86.55353546142578, -85.86135864257812, -86.55245971679688, -85.80691528320312, -86.34418487548828, -85.4638671875, -86.83818817138672, -85.84066009521484, -86.88578033447266, -85.79475402832031, -86.99615478515625, -85.79991912841797, -86.89911651611328, -85.59447479248047, -86.79702758789062, -86.03214263916016, -86.58837127685547, -85.8944320678711, -86.7520980834961, -85.9486083984375, -86.9238510131836, -86.00096130371094, -86.73484802246094, -85.6890640258789, -86.82363891601562, -85.69817352294922, -86.90242767333984, -85.6720199584961, -86.83357238769531, -85.6867446899414, -86.53269958496094, -85.90477752685547, -86.8499984741211, -86.13982391357422, -86.82428741455078, -86.02230834960938, -87.14107513427734, -86.22587585449219, -87.37109375, -86.34059143066406, -87.23347473144531, -86.08025360107422, -87.58728790283203, -86.35948181152344, -87.47808837890625, -86.30060577392578, -86.9967041015625, -86.39167785644531, -87.71695709228516, -87.0291976928711, -87.52436828613281, -86.69596862792969, -87.81161499023438, -86.87207794189453, -87.5144271850586, -86.4546127319336, -87.82191467285156, -86.6881332397461, -87.78823852539062, -86.53064727783203, -87.73716735839844, -86.98076629638672, -87.65188598632812, -86.9870376586914, -87.71726989746094, -86.97882080078125, -87.81551361083984, -86.92853546142578, -88.06317138671875, -87.0965347290039, -88.33849334716797, -87.28838348388672, -88.0113525390625, -86.79902648925781, -88.3624038696289, -87.08235931396484, -87.66607666015625, -86.90357208251953, -87.62407684326172, -86.95338439941406, -87.88402557373047, -87.08728790283203, -88.06700134277344, -87.15821075439453, -87.94215393066406, -86.96388244628906, -87.93492889404297, -86.85137176513672, -88.15125274658203, -86.94916534423828, -88.07416534423828, -86.91767883300781, -87.60696411132812, -87.01795959472656, -87.77611541748047, -87.07462310791016, -87.80313110351562, -86.97439575195312, -87.98588562011719, -87.09282684326172, -87.8644027709961, -86.7999038696289, -87.7607650756836, -86.65106964111328, -88.1985855102539, -86.96240997314453, -88.08396911621094, -86.94017028808594, -87.6549301147461, -86.983154296875, -87.63009643554688, -86.95851135253906, -87.6920394897461, -86.79054260253906, -87.48062133789062, -86.52561950683594, -87.94916534423828, -86.88593292236328, -88.0551528930664, -86.84430694580078, -87.8743667602539, -86.61531066894531, -87.67431640625, -86.92391204833984, -87.98189544677734, -87.31175231933594, -87.6173324584961, -86.85530090332031, -87.69522857666016, -86.80017852783203, -87.87777709960938, -86.9103012084961, -88.072021484375, -86.98536682128906, -88.17337799072266, -86.98994445800781, -88.01058959960938, -86.71670532226562, -87.78974914550781, -87.02284240722656, -87.69439697265625, -86.99047088623047, -87.64227294921875, -86.86193084716797, -88.09064483642578, -87.2146987915039, -87.65718841552734, -86.632568359375, -87.90980529785156, -86.82510375976562, -87.92660522460938, -86.72176361083984, -88.28349304199219, -87.18566131591797, -87.81465911865234, -87.20874786376953, -88.06082153320312, -87.3793716430664, -88.00390625, -87.15568542480469, -88.08026123046875, -87.19377136230469, -87.90377807617188, -86.8441390991211, -88.33306121826172, -87.22235107421875, -88.31727600097656, -87.08240509033203, -88.44037628173828, -87.28207397460938, -88.16464233398438, -87.50817108154297, -88.50638580322266, -87.85425567626953, -88.74412536621094, -87.90253448486328, -88.60818481445312, -87.6327896118164, -88.76285552978516, -87.69145202636719, -89.1078109741211, -87.99578857421875, -89.04253387451172, -87.77408599853516, -88.93870544433594, -88.24320983886719, -88.9195785522461, -88.26293182373047, -88.88810729980469, -88.08358764648438, -89.09749603271484, -88.24727630615234, -89.27642059326172, -88.27210235595703, -89.30058288574219, -88.2994613647461, -89.63363647460938, -88.47633361816406, -89.86011505126953, -88.6047134399414, -89.85731506347656, -89.07100677490234, -89.53202819824219, -88.84678649902344, -89.7258529663086, -88.95319366455078, -89.40524291992188, -88.45501708984375, -89.69679260253906, -88.7334976196289, -89.97626495361328, -88.89253234863281, -90.17555236816406, -88.97603607177734, -90.32682800292969, -89.24165344238281, -90.03668212890625, -89.4377670288086, -90.17606353759766, -89.43194580078125, -90.13411712646484, -89.35900115966797, -90.09199523925781, -89.20484924316406, -90.542236328125, -89.52545166015625, -90.14102935791016, -89.04344177246094, -90.28380584716797, -89.0871353149414, -90.07546997070312, -88.90422058105469, -90.11917877197266, -89.47547912597656, -89.70502471923828, -88.9852066040039, -89.63429260253906, -88.78860473632812, -89.57257843017578, -88.62825012207031, -89.97407531738281, -88.9487075805664, -90.03550720214844, -88.92113494873047, -89.62332153320312, -88.30400085449219, -89.33970642089844, -88.65300750732422, -88.8656997680664, -88.23084259033203, -89.16117095947266, -88.37187194824219, -88.87936401367188, -88.00987243652344, -88.68310546875, -87.67021942138672, -88.89318084716797, -87.84857177734375, -88.60174560546875, -87.43318176269531, -88.49946594238281, -87.20355987548828, -88.28466796875, -87.54436492919922, -87.65204620361328, -86.95452880859375, -87.92221069335938, -87.11833190917969, -87.57503509521484, -86.68779754638672, -87.88414001464844, -86.89717864990234, -87.64481353759766, -86.50870513916016, -87.06119537353516, -85.8355712890625, -87.39451599121094, -86.2524642944336, -87.0755386352539, -86.45950317382812, -86.75186157226562, -86.03827667236328, -86.72571563720703, -85.88890838623047, -86.69987487792969, -85.76954650878906, -86.44978332519531, -85.43244171142578, -86.4502944946289, -85.2957534790039, -86.23634338378906, -84.97876739501953, -86.55530548095703, -85.3972396850586, -85.86322784423828, -85.20468139648438, -85.97396850585938, -85.2384033203125, -85.79789733886719, -84.93372344970703, -85.90563201904297, -84.95136260986328, -85.8696060180664, -84.7670669555664, -85.88519287109375, -84.69181823730469, -85.81624603271484, -84.5460205078125, -85.15541076660156, -84.4269027709961, -85.32070922851562, -84.64427947998047, -85.44902801513672, -84.67576599121094, -85.14141082763672, -84.28148651123047, -85.34443664550781, -84.36537170410156, -85.28009033203125, -84.19291687011719, -85.54022216796875, -84.34880828857422, -85.32975006103516, -83.98682403564453, -85.44588470458984, -84.67665100097656, -85.06915283203125, -84.36455535888672, -85.40929412841797, -84.62621307373047, -85.33061218261719, -84.4228286743164, -85.12134552001953, -84.1048355102539, -85.2992935180664, -84.19393157958984, -85.39830780029297, -84.178466796875, -85.79753112792969, -84.64435577392578, -84.93183135986328, -84.33454132080078, -85.14566040039062, -84.41349792480469, -85.29304504394531, -84.44624328613281, -85.47382354736328, -84.57596588134766, -85.36266326904297, -84.28517150878906, -85.6743392944336, -84.53195190429688, -85.60053253173828, -84.36432647705078, -85.70342254638672, -84.52523803710938, -85.2497787475586, -84.62381744384766, -85.20687103271484, -84.45641326904297, -85.47224426269531, -84.62776184082031, -85.69318389892578, -84.7136459350586, -86.0536880493164, -84.9950942993164, -85.78974914550781, -84.64405059814453, -85.95223236083984, -84.68042755126953, -85.7707290649414, -85.06082916259766, -85.68384552001953, -85.02587127685547, -85.64288330078125, -84.85600280761719, -86.04305267333984, -85.17096710205078, -85.93634033203125, -84.96869659423828, -86.36540222167969, -85.26481628417969, -86.31053161621094, -85.11500549316406, -86.46064758300781, -85.17464447021484, -86.59715270996094, -85.85257720947266, -86.4266586303711, -85.7276382446289, -86.71244049072266, -85.92469787597656, -86.66415405273438, -85.7498779296875, -87.01896667480469, -86.00597381591797, -87.36905670166016, -86.25747680664062, -87.5164566040039, -86.32630920410156, -87.55948638916016, -86.4102554321289, -87.49095916748047, -86.86034393310547, -87.53845977783203, -86.78681182861328, -87.7768325805664, -86.98851776123047, -88.14092254638672, -87.22295379638672, -88.25177001953125, -87.23806762695312, -88.64273834228516, -87.5522689819336, -88.6838607788086, -87.4654312133789, -89.22702026367188, -88.1076889038086, -88.8700180053711, -88.27059936523438, -88.82872772216797, -88.1258773803711, -89.21285247802734, -88.44725799560547, -89.33622741699219, -88.42705535888672, -89.71356201171875, -88.70915985107422, -89.53172302246094, -88.3843994140625, -89.77347564697266, -88.57305145263672, -89.8531265258789, -89.10022735595703, -89.87593841552734, -89.28829193115234, -90.2784423828125, -89.5543212890625, -90.28338623046875, -89.3634262084961, -90.43338775634766, -89.47389221191406, -90.50184631347656, -89.42053985595703, -90.54387664794922, -89.38098907470703, -90.900390625, -89.64458465576172, -90.74694061279297, -90.0516586303711, -90.4295425415039, -89.69070434570312, -90.55806732177734, -89.84656524658203, -90.56462860107422, -89.68191528320312, -90.78993225097656, -89.77910614013672, -90.75638580322266, -89.69127655029297, -90.77031707763672, -89.60635375976562, -90.37528228759766, -89.29255676269531, -90.33655548095703, -89.77265167236328, -90.50949096679688, -89.81119537353516, -90.1993408203125, -89.3545913696289, -90.10452270507812, -89.23548889160156, -90.3545913696289, -89.34615325927734, -101.33562469482422, -103.04127502441406, -103.11858367919922, -103.0179672241211, -102.96971893310547, -103.232666015625, -103.29759216308594, -103.26709747314453, -103.23686981201172, -103.26171875, -103.12844848632812, -103.13822174072266, -103.06888580322266, -103.12667846679688, -102.97061920166016, -102.88236236572266, -103.06546783447266, -103.23491668701172, -103.29539489746094, -103.15090942382812, -103.0603256225586, -103.0832290649414, -103.0869140625, -102.94217681884766, -103.11276245117188, -103.21725463867188, -102.92384338378906, -102.80226135253906, -102.86602783203125, -102.97708892822266, -103.11425018310547, -103.15074920654297, -103.14618682861328, -103.13542175292969, -102.89810180664062, -102.84812927246094, -103.10848236083984, -102.96817779541016, -103.15149688720703, -103.02172088623047, -103.07482147216797, -103.23207092285156, -103.1832275390625, -103.12014770507812, -102.8677749633789, -102.94422912597656, -103.096923828125, -102.87519836425781, -102.77948760986328, -102.68247985839844, -102.76637268066406, -102.88279724121094, -102.97738647460938, -102.90216064453125, -102.6012191772461, -102.51756286621094, -102.55754089355469, -102.59494018554688, -102.76227569580078, -102.46650695800781, -102.47664642333984, -102.595703125, -102.62471008300781, -102.7681655883789, -102.78117370605469, -102.71019744873047, -102.8180160522461, -102.34862518310547, -101.8841323852539, -102.26033782958984, -102.5290298461914, -102.43970489501953, -102.15542602539062, -101.88631439208984, -101.58094024658203, -102.11257934570312, -102.52374267578125, -102.45680236816406, -102.04622650146484, -101.67877960205078, -101.8128433227539, -102.3508529663086, -102.38037872314453, -102.7335205078125, -102.29041290283203, -101.78435516357422, -101.85392761230469, -101.99540710449219, -102.34721374511719, -102.66793823242188, -102.40190887451172, -102.12794494628906, -101.99996948242188, -101.95332336425781, -101.94514465332031, -102.19831848144531, -102.41142272949219, -102.345947265625, -101.85417938232422, -101.49314880371094, -101.78099822998047, -102.13587188720703, -102.59700775146484, -102.60556030273438, -101.98186492919922, -101.92887115478516, -102.02444458007812, -102.54976654052734, -102.91236877441406, -102.77108001708984, -102.3559341430664, -102.24828338623047, -102.20389556884766, -102.33440399169922, -102.42948913574219, -102.5164566040039, -102.88333892822266, -102.74335479736328, -102.28007507324219, -102.4792251586914, -102.88423156738281, -102.69451141357422, -102.64347076416016, -102.89710998535156, -102.6427993774414, -102.59507751464844, -103.24329376220703, -103.10920715332031, -102.77957916259766, -102.59829711914062, -102.87762451171875, -102.85762786865234, -102.92227172851562, -103.08733367919922, -102.92449188232422, -102.85623931884766, -102.79672241210938, -102.76573944091797, -103.09105682373047, -103.09930419921875, -102.8696517944336, -102.76097869873047, -102.57676696777344, -102.7189712524414, -102.82745361328125, -102.85678100585938, -102.57975769042969, -102.4968032836914, -102.52294158935547, -102.28170013427734, -102.48483276367188, -102.81067657470703, -102.6798095703125, -102.36026763916016, -102.309326171875, -101.92853546142578, -102.24895477294922, -102.54759979248047, -102.7181167602539, -102.47039031982422, -101.9171142578125, -101.64826965332031, -101.6313247680664, -101.80580139160156, -102.30815887451172, -102.31439971923828, -101.80236053466797, -101.42622375488281, -101.27861022949219, -101.62047576904297, -102.001708984375, -102.09293365478516, -101.60857391357422, -100.54840850830078, -100.43021392822266, -101.04695892333984, -101.45777893066406, -101.76411437988281, -101.64248657226562, -100.98112487792969, -100.77460479736328, -100.7862319946289, -101.56267547607422, -101.86349487304688, -101.86622619628906, -100.77222442626953, -100.30194854736328, -100.7203598022461, -101.30040740966797, -101.86558532714844, -101.59385681152344, -101.21591186523438, -100.96202087402344, -100.42352294921875, -100.9963607788086, -101.8128890991211, -102.72064208984375, -103.05744171142578, -102.6717300415039, -102.8088150024414, -102.89738464355469, -102.64905548095703, -102.4867935180664, -101.83927154541016, -101.35260772705078, -101.29576873779297, -101.83375549316406, -101.835205078125, -102.09183502197266, -102.38286590576172, -102.00802612304688, -101.57784271240234, -101.7996597290039, -102.21072387695312, -102.12407684326172, -102.34282684326172, -102.46961975097656, -102.35647583007812, -102.4949722290039, -102.44454956054688, -102.5331802368164, -102.78501892089844, -102.76512908935547];
200011;0x6320632063206320632063206320632063206320632063206320632063206320;-87.15850183902488;-71.05198455669904;21.03453827490834;3.55;3.98;4.44668888888889;1.31;3.283611111111111;7.02;[-103.06999206542969, -102.8564453125, -102.61087799072266, -102.70567321777344, -102.9713363647461, -102.71797180175781, -102.38294219970703, -102.60450744628906, -102.83460998535156, -102.76485443115234, -102.51292419433594, -102.69515228271484, -102.78660583496094, -102.59721374511719, -102.89814758300781, -102.92704010009766, -102.80276489257812, -102.8739242553711, -102.65126037597656, -102.7583236694336, -102.7467041015625, -102.75330352783203, -102.74715423583984, -102.58602905273438, -102.72203826904297, -103.0521011352539, -102.75503540039062, -102.64641571044922, -102.8141098022461, -103.0337142944336, -102.90817260742188, -102.70592498779297, -102.75848388671875, -102.86878204345703, -102.91014862060547, -102.75218200683594, -102.52836608886719, -102.7307357788086, -103.0181884765625, -102.73017120361328, -102.69813537597656, -102.7770004272461, -102.70109558105469, -102.87496948242188, -102.77225494384766, -102.89221954345703, -102.86630249023438, -102.5501480102539, -102.65873718261719, -103.17621612548828, -103.10194396972656, -102.92859649658203, -102.6859359741211, -102.34349822998047, -102.47358703613281, -102.67140197753906, -102.45309448242188, -102.71578979492188, -102.48506164550781, -102.40599822998047, -102.47798156738281, -102.67062377929688, -102.61641693115234, -102.4085464477539, -102.565673828125, -103.10200500488281, -102.9284896850586, -102.82472229003906, -102.6781997680664, -102.44456481933594, -102.3469009399414, -102.5925521850586, -102.65396881103516, -102.52999877929688, -102.25859832763672, -102.50233459472656, -102.58543395996094, -102.84174346923828, -102.5988998413086, -102.7237548828125, -102.95112609863281, -102.9305191040039, -102.66360473632812, -102.7325439453125, -102.63079071044922, -102.39306640625, -102.62493133544922, -102.97382354736328, -103.1259765625, -102.96080780029297, -102.87641906738281, -102.7343521118164, -102.85649108886719, -102.81802368164062, -102.72125244140625, -102.82756042480469, -102.77066040039062, -102.55632019042969, -102.5107421875, -102.43500518798828, -102.36621856689453, -102.65885162353516, -102.65972900390625, -102.59188079833984, -102.83784484863281, -103.0721206665039, -103.13162231445312, -102.85322570800781, -102.7463150024414, -102.7228012084961, -102.77050018310547, -102.43281555175781, -102.06275177001953, -102.83489990234375, -103.09207153320312, -102.912109375, -102.85993194580078, -103.00215148925781, -102.89014434814453, -102.8541030883789, -102.84808349609375, -102.89151763916016, -102.66486358642578, -103.15277099609375, -103.1370849609375, -103.0792236328125, -103.06641387939453, -102.9484634399414, -102.74317169189453, -102.77178192138672, -102.85749053955078, -102.9736557006836, -102.7890396118164, -102.66168212890625, -102.75448608398438, -103.0030746459961, -103.11917877197266, -102.91822814941406, -102.63687133789062, -102.54139709472656, -102.73519134521484, -102.9228286743164, -102.96870422363281, -103.02508544921875, -103.06058502197266, -102.85897064208984, -102.62993621826172, -102.78438568115234, -102.76383209228516, -102.88794708251953, -102.67386627197266, -102.61353302001953, -102.6427993774414, -102.62267303466797, -102.73799896240234, -102.80115509033203, -102.66100311279297, -102.65709686279297, -102.67619323730469, -102.83824157714844, -102.87065887451172, -102.98641204833984, -103.02275848388672, -102.95479583740234, -103.03392028808594, -102.94581604003906, -102.70388793945312, -102.78234100341797, -102.92378234863281, -102.92416381835938, -102.8270492553711, -102.82160186767578, -102.85359191894531, -102.79352569580078, -103.02482604980469, -102.94178771972656, -103.05567932128906, -103.01808166503906, -102.94869232177734, -103.2276611328125, -102.92803192138672, -102.6800308227539, -102.72889709472656, -102.83201599121094, -102.84008026123047, -102.95972442626953, -103.03820037841797, -103.03778839111328, -103.03083038330078, -103.10684204101562, -102.95779418945312, -102.67888641357422, -102.71043395996094, -102.9312973022461, -102.87945556640625, -102.97095489501953, -102.88658905029297, -102.8427505493164, -103.09168243408203, -102.86676025390625, -103.03723907470703, -103.0296859741211, -102.90375518798828, -102.62940216064453, -102.81700134277344, -103.21623229980469, -103.24240112304688, -103.03080749511719, -102.71975708007812, -102.78668212890625, -102.82648468017578, -102.97704315185547, -102.82197570800781, -102.54317474365234, -102.8119888305664, -102.98255920410156, -102.80810546875, -102.61125946044922, -102.44694519042969, -102.77367401123047, -102.86609649658203, -102.98421478271484, -101.88739776611328, -88.11344909667969, -87.14840698242188, -88.48344421386719, -87.55010986328125, -88.52843475341797, -87.43682098388672, -88.2471694946289, -87.08305358886719, -88.0445785522461, -86.7606201171875, -87.88626098632812, -87.11121368408203, -87.88046264648438, -87.22744750976562, -88.1119155883789, -87.33524322509766, -87.99210357666016, -87.12247467041016, -87.84986877441406, -86.86930847167969, -88.02769470214844, -86.95051574707031, -88.14973449707031, -86.93004608154297, -88.11595153808594, -86.99543762207031, -87.3114013671875, -86.6917724609375, -87.4213638305664, -86.67425537109375, -87.17118835449219, -86.3995590209961, -86.9578857421875, -86.0269546508789, -87.09504699707031, -86.08316802978516, -87.10446166992188, -85.98736572265625, -87.31200408935547, -86.06401824951172, -87.20940399169922, -86.06829833984375, -86.83777618408203, -86.21684265136719, -86.6283187866211, -85.91072845458984, -87.057861328125, -86.22169494628906, -86.4489517211914, -85.4964599609375, -86.60595703125, -85.55711364746094, -86.89054107666016, -85.75762939453125, -86.59744262695312, -85.2882080078125, -86.5905532836914, -85.873291015625, -86.0497817993164, -85.36016845703125, -86.06050872802734, -85.30892181396484, -86.28980255126953, -85.43330383300781, -86.30905151367188, -85.32614135742188, -86.21620178222656, -85.08087158203125, -85.93266296386719, -84.71770477294922, -86.19432830810547, -84.92530822753906, -85.93559265136719, -85.12944793701172, -85.67520904541016, -85.0142593383789, -85.5338363647461, -84.7244644165039, -85.25666809082031, -84.35550689697266, -85.45169067382812, -84.3976821899414, -85.55386352539062, -84.46737670898438, -85.74285888671875, -84.50489807128906, -85.41925048828125, -84.28292846679688, -85.09236907958984, -84.51028442382812, -85.00970458984375, -84.29512786865234, -85.01528930664062, -84.19769287109375, -85.08769226074219, -84.16690063476562, -84.94673919677734, -83.9167251586914, -84.64102172851562, -83.48041534423828, -84.71890258789062, -83.43224334716797, -84.8899917602539, -83.74494934082031, -84.56068420410156, -83.95198059082031, -84.43291473388672, -83.67882537841797, -84.60020446777344, -83.73277282714844, -84.64128112792969, -83.70358276367188, -84.42349243164062, -83.36534881591797, -84.50202941894531, -83.33055877685547, -84.55269622802734, -83.2823715209961, -84.00931549072266, -83.25106048583984, -83.9164047241211, -83.26423645019531, -84.0756607055664, -83.28299713134766, -84.05841064453125, -83.16149139404297, -84.24483489990234, -83.27645111083984, -84.38383483886719, -83.28965759277344, -84.15990447998047, -82.95906829833984, -84.0133056640625, -82.70124053955078, -84.16206359863281, -83.41851806640625, -83.97004699707031, -83.2433853149414, -83.83157348632812, -83.03057861328125, -84.08647155761719, -83.23402404785156, -83.94852447509766, -82.94971466064453, -83.92513275146484, -82.81008911132812, -84.06981658935547, -82.85089111328125, -84.52606201171875, -83.41133117675781, -83.94074249267578, -83.32459259033203, -83.85108184814453, -83.1412353515625, -84.27730560302734, -83.49327850341797, -84.41555786132812, -83.47230529785156, -84.38699340820312, -83.33910369873047, -84.28030395507812, -83.13504791259766, -84.62049102783203, -83.38824462890625, -84.88249969482422, -83.77080535888672, -84.36385345458984, -83.72460174560547, -84.4050521850586, -83.66963195800781, -84.70901489257812, -83.87835693359375, -84.78340148925781, -83.83824157714844, -84.90853881835938, -83.85269165039062, -85.10365295410156, -83.94087219238281, -85.29744720458984, -84.05406188964844, -85.30561828613281, -84.60775756835938, -85.1787338256836, -84.4898910522461, -85.25018310546875, -84.47403717041016, -85.40615844726562, -84.53218841552734, -85.58029174804688, -84.60213470458984, -85.75054931640625, -84.68487548828125, -85.70195007324219, -84.53397369384766, -86.43568420410156, -85.16474151611328, -86.16236877441406, -85.3830337524414, -85.83328247070312, -85.18423461914062, -86.38824462890625, -85.63823699951172, -86.2800064086914, -85.41641235351562, -86.42278289794922, -85.40708923339844, -86.4912109375, -85.39177703857422, -86.66163635253906, -85.44721221923828, -86.79330444335938, -85.66405487060547, -86.47295379638672, -85.92247772216797, -86.93311309814453, -86.28007507324219, -86.91144561767578, -86.10449981689453, -87.08261108398438, -86.17108154296875, -87.1695785522461, -86.15475463867188, -87.14981842041016, -85.99488067626953, -87.35575866699219, -86.12684631347656, -87.15444946289062, -86.02564239501953, -87.15509796142578, -86.54966735839844, -87.05835723876953, -86.29608917236328, -86.94541931152344, -86.12406158447266, -86.959228515625, -86.02964782714844, -87.22686767578125, -86.17872619628906, -87.50701904296875, -86.38126373291016, -87.07423400878906, -85.81778717041016, -86.98136138916016, -86.24432373046875, -86.88676452636719, -86.22466278076172, -87.04380798339844, -86.29825592041016, -87.19092559814453, -86.32099914550781, -86.69476318359375, -85.72998809814453, -86.75749969482422, -85.67900848388672, -86.83504486083984, -85.67887878417969, -86.88540649414062, -85.56307983398438, -86.47223663330078, -85.73572540283203, -86.50096130371094, -85.7915267944336, -86.79188537597656, -86.06092071533203, -86.1044692993164, -85.18050384521484, -86.72074890136719, -85.74662780761719, -86.64990234375, -85.52175903320312, -86.72830200195312, -85.55750274658203, -86.65673828125, -85.5211410522461, -85.87818145751953, -85.27398681640625, -86.46825408935547, -85.779296875, -86.20763397216797, -85.3681869506836, -86.17008209228516, -85.27727508544922, -86.32209014892578, -85.29289245605469, -86.45582580566406, -85.35987854003906, -86.45758819580078, -85.2489013671875, -86.4851303100586, -85.35189819335938, -86.21150970458984, -85.59235382080078, -86.03905487060547, -85.28739166259766, -86.35909271240234, -85.53136444091797, -86.50360107421875, -85.51466369628906, -86.0527114868164, -84.95726013183594, -86.5505142211914, -85.43470764160156, -86.39237976074219, -85.11674499511719, -86.11080169677734, -85.40715789794922, -86.5250015258789, -85.87366485595703, -86.40425109863281, -85.64246368408203, -86.07707977294922, -85.20348358154297, -86.75479888916016, -85.77630615234375, -86.81619262695312, -85.71427917480469, -86.7450180053711, -85.57666778564453, -86.59107208251953, -85.28572082519531, -86.83284759521484, -86.10630798339844, -86.72047424316406, -86.04996490478516, -86.58765411376953, -85.83651733398438, -87.01786041259766, -86.13080596923828, -86.77127075195312, -85.78482818603516, -87.0352554321289, -85.9594955444336, -87.0373306274414, -85.82251739501953, -87.59098052978516, -86.4740982055664, -86.86348724365234, -86.24310302734375, -87.11469268798828, -86.44679260253906, -87.06505584716797, -86.32147216796875, -87.25041198730469, -86.35306549072266, -87.1138916015625, -86.08047485351562, -87.50640869140625, -86.42232513427734, -87.72593688964844, -86.43924713134766, -87.17416381835938, -86.04906463623047, -87.44863891601562, -86.84414672851562, -87.14209747314453, -86.40716552734375, -87.42179870605469, -86.58865356445312, -87.1161117553711, -86.199951171875, -87.28075408935547, -86.2400131225586, -87.59357452392578, -86.45502471923828, -87.76692199707031, -86.54544067382812, -87.32070922851562, -86.61132049560547, -87.15752410888672, -86.50311279296875, -87.18048095703125, -86.42548370361328, -87.21727752685547, -86.38705444335938, -87.64094543457031, -86.65408325195312, -87.4940414428711, -86.44760131835938, -87.71771240234375, -86.53347778320312, -87.69540405273438, -86.38999938964844, -87.5745849609375, -86.82925415039062, -87.36345672607422, -86.69267272949219, -87.43910217285156, -86.64290618896484, -87.49871063232422, -86.64556121826172, -87.58047485351562, -86.56044006347656, -87.87831115722656, -86.81625366210938, -87.8497314453125, -86.67986297607422, -87.96949005126953, -86.82479095458984, -87.66548156738281, -87.09725189208984, -87.64795684814453, -86.9895248413086, -87.91927337646484, -87.09841918945312, -87.70893859863281, -86.77647399902344, -87.91521453857422, -86.88045501708984, -88.04678344726562, -86.91688537597656, -88.05510711669922, -86.78010559082031, -88.1669692993164, -87.02188110351562, -87.65008544921875, -87.03728485107422, -87.92179107666016, -87.230224609375, -88.1718978881836, -87.29667663574219, -87.98629760742188, -87.06768035888672, -87.95854187011719, -86.89826965332031, -87.97732543945312, -86.84259033203125, -88.27848815917969, -87.08509063720703, -88.40660095214844, -87.70313262939453, -88.0495376586914, -87.39623260498047, -88.29827880859375, -87.53607177734375, -88.40637969970703, -87.59364318847656, -88.44795227050781, -87.4853744506836, -88.13065338134766, -87.0477294921875, -88.49655151367188, -87.35269927978516, -88.4594497680664, -87.17945861816406, -88.3243637084961, -87.55174255371094, -88.2811279296875, -87.5963134765625, -88.21139526367188, -87.41853332519531, -88.26416778564453, -87.4173355102539, -88.40164184570312, -87.44987487792969, -88.36213684082031, -87.23037719726562, -88.35832214355469, -87.14270782470703, -88.71173858642578, -87.60990905761719, -88.38583374023438, -87.79669952392578, -88.4638442993164, -87.75181579589844, -88.27052307128906, -87.46688079833984, -88.63302612304688, -87.74930572509766, -88.42212677001953, -87.38541412353516, -88.77983856201172, -87.68505096435547, -88.5587158203125, -87.32293701171875, -88.68334197998047, -87.55912780761719, -87.99129486083984, -87.3650894165039, -88.11016082763672, -87.41712188720703, -88.41163635253906, -87.60272216796875, -88.09095001220703, -87.15031433105469, -88.35211181640625, -87.32257843017578, -88.34712219238281, -87.19620513916016, -88.72257232666016, -87.52481079101562, -88.96377563476562, -88.22250366210938, -88.22413635253906, -87.56018829345703, -88.32119750976562, -87.5506362915039, -88.41442108154297, -87.57051086425781, -88.490478515625, -87.51817321777344, -88.51029968261719, -87.48627471923828, -88.44896697998047, -87.23311614990234, -89.10250854492188, -87.86621856689453, -88.57097625732422, -87.8202133178711, -88.68540954589844, -87.99559020996094, -88.6458511352539, -87.87298583984375, -88.72132873535156, -87.87525939941406, -88.67375946044922, -87.67400360107422, -88.71250915527344, -87.62248992919922, -88.66370391845703, -87.48844909667969, -88.9765625, -87.8680419921875, -88.38375091552734, -87.76321411132812, -88.85820770263672, -88.17581176757812, -89.32660675048828, -88.48011779785156, -89.13025665283203, -88.22007751464844, -89.24756622314453, -88.26746368408203, -89.5414810180664, -88.48374938964844, -89.33941650390625, -88.13475036621094, -89.77593994140625, -88.69268035888672, -88.93512725830078, -88.32283020019531, -89.39278411865234, -88.68939971923828, -89.55288696289062, -88.75556182861328, -89.77066802978516, -88.84264373779297, -89.23783874511719, -88.18885803222656, -89.81584167480469, -88.70923614501953, -90.29640197753906, -89.10359191894531, -90.02037811279297, -89.2529067993164, -89.88713073730469, -89.2411880493164, -90.29102325439453, -89.56261444091797, -90.33842468261719, -89.5408935546875, -90.54747772216797, -89.60580444335938, -90.45519256591797, -89.4254379272461, -90.85944366455078, -89.80033874511719, -91.08682250976562, -89.87299346923828, -90.87493133544922, -90.1292724609375, -91.19591522216797, -90.53307342529297, -91.62100982666016, -90.85258483886719, -91.41153717041016, -90.58983612060547, -91.49290466308594, -90.50332641601562, -91.90097045898438, -90.93013763427734, -91.96609497070312, -90.83416748046875, -92.56874084472656, -91.55144500732422, -91.7030258178711, -91.11505126953125, -92.47671508789062, -91.8014144897461, -92.21429443359375, -91.49636840820312, -92.54296875, -91.71363067626953, -93.0308609008789, -92.11075592041016, -92.94012451171875, -91.92343139648438, -92.98867797851562, -91.94292449951172, -93.50688934326172, -92.44670104980469, -92.68356323242188, -92.13729858398438, -92.98403930664062, -92.41193389892578, -93.01089477539062, -92.27281188964844, -92.93115997314453, -92.09367370605469, -93.2884750366211, -92.27108764648438, -93.24891662597656, -92.12840270996094, -93.28690338134766, -92.15235900878906, -93.2025375366211, -92.53962707519531, -93.12437438964844, -92.53752899169922, -92.75983428955078, -92.00526428222656, -93.25032043457031, -92.44508361816406, -93.01312255859375, -92.22146606445312, -92.8770751953125, -91.8348159790039, -92.84403228759766, -91.7393569946289, -93.23558807373047, -92.1064453125, -92.84825897216797, -92.1573257446289, -92.7583999633789, -92.15548706054688, -92.75504302978516, -92.01739501953125, -92.46015930175781, -91.6081771850586, -92.82025909423828, -91.9044189453125, -92.84408569335938, -91.81680297851562, -92.77436065673828, -91.74394989013672, -92.98724365234375, -91.89126586914062, -92.64582824707031, -92.07624053955078, -92.92020416259766, -92.2150650024414, -92.76419830322266, -91.93822479248047, -92.9088134765625, -92.05921173095703, -93.0213394165039, -92.09608459472656, -92.92989349365234, -91.8747787475586, -92.72883605957031, -91.58146667480469, -93.5633316040039, -92.4489517211914, -92.76083374023438, -92.24178314208984, -92.82635498046875, -92.23509216308594, -93.5442886352539, -92.74851989746094, -93.25684356689453, -92.34962463378906, -93.4244384765625, -92.49878692626953, -93.54009246826172, -92.48028564453125, -93.7426528930664, -92.67976379394531, -93.65509033203125, -93.08826446533203, -93.61709594726562, -92.9753646850586, -93.88030242919922, -93.16779327392578, -93.77159881591797, -92.95201873779297, -93.71260070800781, -92.88916778564453, -93.8755874633789, -92.9409408569336, -94.1209945678711, -93.02068328857422, -94.08309936523438, -92.94310760498047, -94.06806182861328, -93.3655014038086, -93.58711242675781, -92.90837860107422, -94.0840072631836, -93.40410614013672, -94.2095718383789, -93.43087768554688, -93.9338150024414, -93.0135498046875, -94.30220794677734, -93.36048889160156, -93.70670318603516, -92.5412368774414, -94.2743911743164, -93.2072982788086, -93.99333190917969, -93.39210510253906, -93.92355346679688, -93.29598999023438, -93.56130981445312, -92.78646087646484, -93.74296569824219, -92.89930725097656, -93.67583465576172, -92.7785415649414, -93.17453002929688, -92.11986541748047, -93.43717193603516, -92.31124877929688, -93.28842163085938, -92.2033462524414, -92.66250610351562, -92.02951049804688, -92.26731872558594, -91.58439636230469, -92.42296600341797, -91.67473602294922, -92.14212036132812, -91.19718170166016, -91.99388885498047, -91.02267456054688, -91.67769622802734, -90.5582504272461, -91.60407257080078, -90.38691711425781, -91.32542419433594, -90.668212890625, -90.9553451538086, -90.35582733154297, -90.85111236572266, -90.10106658935547, -90.43033599853516, -89.52517700195312, -90.48780059814453, -89.55366516113281, -90.2607192993164, -89.20672607421875, -89.76288604736328, -88.54238891601562, -89.79000854492188, -88.5682373046875, -89.59925842285156, -88.87835693359375, -88.81404113769531, -88.17830657958984, -88.7897720336914, -88.0225601196289, -89.17184448242188, -88.29278564453125, -88.43195343017578, -87.4554672241211, -88.75069427490234, -87.65807342529297, -88.6678466796875, -87.46849822998047, -88.18018341064453, -87.00774383544922, -87.71453857421875, -87.14198303222656, -87.7421646118164, -87.06278228759766, -87.104248046875, -86.27543640136719, -87.00105285644531, -86.11534118652344, -87.39270782470703, -86.3927993774414, -87.08207702636719, -85.94258117675781, -87.42129516601562, -86.18282318115234, -86.68102264404297, -85.51019287109375, -86.39715576171875, -85.7872085571289, -86.87800598144531, -86.16413116455078, -86.57620239257812, -85.7148666381836, -86.25750732421875, -85.28355407714844, -86.51276397705078, -85.47470092773438, -86.26199340820312, -85.05333709716797, -86.33894348144531, -85.09575653076172, -98.88233184814453, -100.92621612548828, -86.04676055908203, -85.27044677734375, -86.44922637939453, -85.7349624633789, -86.3407211303711, -85.42472839355469, -85.64083862304688, -84.7038803100586, -86.24986267089844, -85.1734619140625, -86.0355453491211, -84.84639739990234, -86.24826049804688, -84.93193054199219, -85.53948211669922, -84.81096649169922, -85.58848571777344, -84.95983123779297, -85.61013793945312, -84.8192367553711, -85.97500610351562, -85.09414672851562, -85.8645248413086, -84.8860855102539, -86.33401489257812, -85.24443054199219, -86.02458190917969, -84.7973403930664, -86.0405044555664, -84.72463989257812, -85.70553588867188, -84.91614532470703, -85.68558502197266, -85.00069427490234, -85.89655303955078, -85.07168579101562, -85.85619354248047, -84.95170593261719, -86.2696304321289, -85.26030731201172, -86.02253723144531, -84.90150451660156, -86.58952331542969, -85.37945556640625, -86.21261596679688, -85.06157684326172, -85.95140075683594, -85.33077239990234, -86.33805847167969, -85.57160949707031, -85.86493682861328, -85.03544616699219, -85.99866485595703, -85.04666137695312, -86.54534149169922, -85.53515625, -86.88396453857422, -85.72554779052734, -86.77136993408203, -85.50797271728516, -87.24627685546875, -86.06695556640625, -86.6828842163086, -86.05731964111328, -87.00336456298828, -86.23773193359375, -86.88324737548828, -86.00212097167969, -87.11284637451172, -86.19010925292969, -87.13034057617188, -86.04731750488281, -87.43022155761719, -86.2724838256836, -87.95630645751953, -86.64878845214844, -87.59432220458984, -86.89105224609375, -87.60163116455078, -86.97181701660156, -88.24565124511719, -87.47675323486328, -87.94795227050781, -87.04708862304688, -88.62796020507812, -87.68594360351562, -88.53797149658203, -87.4921646118164, -88.94859313964844, -87.78775787353516, -89.11373901367188, -87.77542877197266, -89.51445007324219, -88.79203796386719, -89.30828857421875, -88.60354614257812, -89.58074951171875, -88.76729583740234, -89.69831085205078, -88.82523345947266, -90.30121612548828, -89.40451049804688, -90.45207214355469, -89.3321533203125, -90.97359466552734, -89.84661865234375, -91.14131927490234, -90.02340698242188, -91.11650085449219, -90.52375030517578, -91.49217224121094, -90.78469848632812, -91.84693908691406, -91.03739166259766, -92.19055938720703, -91.2978744506836, -92.44461059570312, -91.47186279296875, -92.68709564208984, -91.56440734863281, -93.02632904052734, -91.86924743652344, -93.68196105957031, -92.64887237548828, -93.82856750488281, -93.27970123291016, -94.18760681152344, -93.46019744873047, -94.78154754638672, -94.05841064453125, -95.51297760009766, -94.5523681640625, -95.23307800292969, -94.38542175292969, -95.93746948242188, -95.03216552734375, -96.56509399414062, -95.47662353515625, -97.00316619873047, -96.41571807861328, -97.16448211669922, -96.6028060913086, -97.85962677001953, -97.41281127929688, -98.37187194824219, -97.73479461669922, -98.8417739868164, -98.17650604248047, -99.05084228515625, -98.50495910644531, -99.79747009277344, -99.14225006103516, -100.33377838134766, -99.74917602539062, -100.59905242919922, -100.3630142211914, -101.05585479736328, -100.70085906982422, -101.33822631835938, -101.12422943115234, -101.492919921875, -101.28636932373047, -101.64567565917969, -101.47190856933594, -101.80158233642578, -101.46284484863281, -101.6674575805664, -101.14842987060547, -101.12298583984375, -100.79647064208984, -100.74971008300781, -100.34818267822266, -100.3517837524414, -100.05711364746094, -99.49016571044922, -99.13954162597656, -99.23712921142578, -98.47966766357422, -98.6502685546875, -98.03811645507812, -98.35448455810547, -97.69855499267578, -97.88973236083984, -96.88922882080078, -97.13031005859375, -96.27397918701172, -96.65361785888672, -96.1144790649414, -96.2226333618164, -95.60726928710938, -95.9278793334961, -95.26565551757812, -95.74612426757812, -94.9281997680664, -94.7573013305664, -93.7989730834961, -94.84884643554688, -93.64990234375, -94.18737030029297, -93.0716323852539, -94.1278305053711, -93.4659423828125, -93.236572265625, -92.55371856689453, -93.07510375976562, -92.32797241210938, -92.67445373535156, -91.82022857666016, -92.53898620605469, -91.67740631103516, -92.48898315429688, -91.38658142089844, -92.24784088134766, -91.09918975830078, -91.85785675048828, -90.65866088867188, -91.61112213134766, -90.91402435302734, -91.0940170288086, -90.38809204101562, -91.21328735351562, -90.45925903320312, -91.24903869628906, -90.34252166748047, -90.74491882324219, -89.73554229736328, -90.98974609375, -89.91454315185547, -90.78984069824219, -89.58888244628906, -90.7403793334961, -89.6165542602539, -90.37440490722656, -89.79463958740234, -90.04236602783203, -89.33548736572266, -90.19183349609375, -89.38526916503906, -89.8426742553711, -88.92772674560547, -90.1700210571289, -89.14381408691406, -89.72406005859375, -88.60123443603516, -89.6248779296875, -88.37781524658203, -90.1130142211914, -88.94295501708984, -89.23826599121094, -88.6269760131836, -89.0700912475586, -88.33911895751953, -88.99629974365234, -88.1358413696289, -89.09912872314453, -88.17108154296875, -88.77294921875, -87.67530059814453, -89.10814666748047, -87.93848419189453, -89.04900360107422, -87.77955627441406, -88.48017120361328, -87.72064971923828, -88.42724609375, -87.76948547363281, -88.3102035522461, -87.54576110839844, -88.46610260009766, -87.61993408203125, -88.34814453125, -87.35004425048828, -88.09689331054688, -86.97907257080078, -88.4007568359375, -87.23648834228516, -88.17790222167969, -86.8678970336914, -87.90248107910156, -87.12779998779297, -87.64817810058594, -86.94478607177734, -87.69415283203125, -86.87210083007812, -87.68157958984375, -86.76643371582031, -87.5866928100586, -86.5854721069336, -88.06114959716797, -86.98461151123047, -87.75118255615234, -86.52326965332031, -87.91368865966797, -86.82010650634766, -87.46862030029297, -86.88458251953125, -87.30570983886719, -86.60570526123047, -87.11817932128906, -86.26287078857422, -87.11211395263672, -86.14707946777344, -87.1415023803711, -86.10340881347656, -87.1338882446289, -86.0201644897461, -87.20747375488281, -85.93314361572266, -87.04473876953125, -85.89671325683594, -86.6934814453125, -86.06210327148438, -86.8612060546875, -86.12507629394531, -86.80023956298828, -85.94841766357422, -86.8014144897461, -85.85562133789062, -87.11675262451172, -86.07683563232422, -87.00406646728516, -85.80596923828125, -86.87464904785156, -85.5975341796875, -86.71187591552734, -85.97764587402344, -86.67240905761719, -86.0028076171875, -86.72174835205078, -85.9527587890625, -86.4779281616211, -85.60443878173828, -86.9374008178711, -85.980712890625, -87.04146575927734, -85.95350646972656, -87.20452880859375, -85.9936752319336, -87.10160827636719, -85.79149627685547, -87.04148864746094, -86.28706359863281, -86.8497543334961, -86.15032196044922, -86.97968292236328, -86.18079376220703, -87.15975189208984, -86.26140594482422, -86.99188232421875, -85.98688507080078, -87.15817260742188, -86.01358032226562, -87.19947052001953, -85.96894073486328, -87.13101959228516, -85.98088073730469, -86.83831024169922, -86.24734497070312, -87.14603424072266, -86.4271240234375, -87.18968963623047, -86.37096405029297, -87.376708984375, -86.45899200439453, -87.66244506835938, -86.62866973876953, -87.51240539550781, -86.38105010986328, -87.83856964111328, -86.59276580810547, -87.71785736083984, -86.55087280273438, -87.26425170898438, -86.64252471923828, -88.00528717041016, -87.26351165771484, -87.7046890258789, -86.8371810913086, -87.9027328491211, -86.95706939697266, -87.62747955322266, -86.57415008544922, -87.88861846923828, -86.73672485351562, -87.79230499267578, -86.50395965576172, -87.70071411132812, -86.95795440673828, -87.53601837158203, -86.88371276855469, -87.55958557128906, -86.79637145996094, -87.55452728271484, -86.71311950683594, -87.81848907470703, -86.8559341430664, -88.12201690673828, -87.02912139892578, -87.67362213134766, -86.4742431640625, -87.95773315429688, -86.66564178466797, -87.2517318725586, -86.47303771972656, -87.2343978881836, -86.55326080322266, -87.3382568359375, -86.59828186035156, -87.5229721069336, -86.6122817993164, -87.40657806396484, -86.38790893554688, -87.36661529541016, -86.24935913085938, -87.42466735839844, -86.20750427246094, -87.36712646484375, -86.24269104003906, -86.88639068603516, -86.30792236328125, -87.09380340576172, -86.37928009033203, -87.16197967529297, -86.30760192871094, -87.28577423095703, -86.35572814941406, -87.08154296875, -86.03691101074219, -87.06895446777344, -85.91972351074219, -87.4507827758789, -86.20219421386719, -87.39241027832031, -86.22472381591797, -86.82640075683594, -86.18045043945312, -86.80403137207031, -86.06214141845703, -86.86001586914062, -86.02288818359375, -86.65113067626953, -85.68646240234375, -87.0909194946289, -86.05791473388672, -87.24231719970703, -86.09754180908203, -87.15016174316406, -85.82807922363281, -86.86444854736328, -86.1297607421875, -87.2308120727539, -86.5806655883789, -86.86114501953125, -86.08953857421875, -86.95699310302734, -86.086669921875, -87.16732025146484, -86.20295715332031, -87.40731048583984, -86.32721710205078, -87.5475082397461, -86.35533142089844, -87.35832977294922, -86.00257110595703, -87.09929656982422, -86.34523010253906, -87.01519775390625, -86.32917022705078, -87.09583282470703, -86.28173828125, -87.48907470703125, -86.56934356689453, -87.08679962158203, -86.09710693359375, -87.36209106445312, -86.24212646484375, -87.42390441894531, -86.22016906738281, -87.85334777832031, -86.69063568115234, -87.33769226074219, -86.75949096679688, -87.61534881591797, -86.91243743896484, -87.60026550292969, -86.75419616699219, -87.63876342773438, -86.71044158935547, -87.508056640625, -86.48849487304688, -88.02691650390625, -86.89437866210938, -87.96475219726562, -86.73150634765625, -88.09959411621094, -86.9875259399414, -87.81298065185547, -87.17308807373047, -88.25790405273438, -87.5363998413086, -88.4784927368164, -87.63011932373047, -88.43449401855469, -87.48783111572266, -88.52911376953125, -87.49504089355469, -88.96363067626953, -87.82179260253906, -88.8621826171875, -87.57674407958984, -88.82190704345703, -88.05116271972656, -88.73959350585938, -88.04827880859375, -88.71713256835938, -87.94837188720703, -88.9464111328125, -88.10568237304688, -89.16763305664062, -88.1984634399414, -89.17793273925781, -88.08627319335938, -89.5141830444336, -88.42432403564453, -89.85660552978516, -88.55508422851562, -89.72462463378906, -88.96768188476562, -89.41128540039062, -88.70482635498047, -89.58695220947266, -88.77415466308594, -89.36276245117188, -88.47872161865234, -89.64260864257812, -88.64566802978516, -89.7396469116211, -88.65387725830078, -90.016845703125, -88.87046813964844, -90.18634796142578, -89.09391021728516, -89.77507019042969, -89.18000793457031, -90.013671875, -89.2702865600586, -89.97795104980469, -89.15779876708984, -89.88257598876953, -89.01886749267578, -90.25640106201172, -89.24811553955078, -89.79060363769531, -88.66376495361328, -89.96222686767578, -88.76506805419922, -89.59681701660156, -88.47782897949219, -89.7392807006836, -89.12254333496094, -89.37113189697266, -88.60173797607422, -89.1456527709961, -88.29357147216797, -89.10728454589844, -88.13814544677734, -89.43428802490234, -88.43916320800781, -89.56169128417969, -88.40077209472656, -89.10692596435547, -87.8226318359375, -88.80223083496094, -88.11582946777344, -88.3331298828125, -87.68724822998047, -88.53009033203125, -87.76148223876953, -88.24193572998047, -87.43181610107422, -88.04342651367188, -87.09523010253906, -88.30674743652344, -87.23815155029297, -88.08927154541016, -86.88289642333984, -87.91120910644531, -86.6209487915039, -87.69990539550781, -86.90480041503906, -86.96614837646484, -86.28530883789062, -87.32698059082031, -86.53882598876953, -86.96495819091797, -86.0621109008789, -87.26232147216797, -86.2533187866211, -86.99307250976562, -85.89197540283203, -86.49749755859375, -85.26074981689453, -86.7046127319336, -85.60549926757812, -86.46939849853516, -85.86475372314453, -86.1688461303711, -85.4339599609375, -86.10279083251953, -85.27033233642578, -86.10511016845703, -85.16300201416016, -85.8690185546875, -84.82728576660156, -85.90662384033203, -84.7195816040039, -85.6616439819336, -84.40966796875, -86.00997924804688, -84.8422622680664, -85.30941009521484, -84.68163299560547, -85.40384674072266, -84.67501831054688, -85.2474594116211, -84.39447021484375, -85.39912414550781, -84.42412567138672, -85.41447448730469, -84.35040283203125, -85.34773254394531, -84.19065856933594, -85.37261199951172, -84.10266876220703, -84.7620620727539, -83.99484252929688, -84.86116790771484, -84.206298828125, -85.04734802246094, -84.27742767333984, -84.7571792602539, -83.82623291015625, -84.91773223876953, -83.9486312866211, -84.89633178710938, -83.80403900146484, -85.17432403564453, -83.95121002197266, -84.9212875366211, -83.60752868652344, -85.06332397460938, -84.29474639892578, -84.74295043945312, -84.06039428710938, -85.00118255615234, -84.21340942382812, -84.98526763916016, -84.10137939453125, -84.77223205566406, -83.76464080810547, -85.00667572021484, -83.90142822265625, -85.12449645996094, -83.9100341796875, -85.47982025146484, -84.36324310302734, -84.67515563964844, -84.03654479980469, -84.83222198486328, -84.15399169921875, -84.99821472167969, -84.17965698242188, -85.25553894042969, -84.32843780517578, -85.1346435546875, -84.06903076171875, -85.45243835449219, -84.29852294921875, -85.41923522949219, -84.16992950439453, -85.50564575195312, -84.34637451171875, -85.04464721679688, -84.41893005371094, -85.0265121459961, -84.28609466552734, -85.27886199951172, -84.4111328125, -85.46739196777344, -84.54399108886719, -85.8731689453125, -84.80095672607422, -85.68965148925781, -84.50662994384766, -85.72781372070312, -84.4659194946289, -85.70137786865234, -84.97322845458984, -85.61225891113281, -84.91472625732422, -85.52613830566406, -84.73619079589844, -85.88734436035156, -84.99849700927734, -85.7198715209961, -84.79859161376953, -86.23661041259766, -85.15035247802734, -86.21398162841797, -85.01106262207031, -86.25950622558594, -84.9456558227539, -86.51498413085938, -85.77151489257812, -86.33734893798828, -85.63842010498047, -86.61592102050781, -85.81660461425781, -86.5404052734375, -85.63239288330078, -86.9461669921875, -85.94020080566406, -87.25186157226562, -86.13423919677734, -87.39207458496094, -86.1913833618164, -87.43416595458984, -86.3263931274414, -87.34007263183594, -86.7493896484375, -87.40290069580078, -86.69989776611328, -87.66094970703125, -86.88127899169922, -87.95903015136719, -87.06067657470703, -88.17729949951172, -87.12633514404297, -88.4742660522461, -87.38361358642578, -88.41683959960938, -87.18611907958984, -88.93368530273438, -87.79920196533203, -88.47804260253906, -87.85197448730469, -88.6002197265625, -87.86766052246094, -88.91536712646484, -88.06246948242188, -88.93193817138672, -88.03211975097656, -89.29711151123047, -88.26923370361328, -89.08624267578125, -87.93293762207031, -89.26824188232422, -88.05801391601562, -89.31434631347656, -88.5988540649414, -89.31273651123047, -88.6575698852539, -89.60208129882812, -88.85494995117188, -89.57019805908203, -88.70915985107422, -89.6921157836914, -88.74417877197266, -89.6716079711914, -88.51896667480469, -89.52753448486328, -88.38558959960938, -89.90103149414062, -88.65353393554688, -89.80036926269531, -89.0447998046875, -89.45719146728516, -88.75676727294922, -89.62733459472656, -88.86951446533203, -89.48651885986328, -88.59288787841797, -89.69911193847656, -88.73497772216797, -89.6619873046875, -88.61499786376953, -89.69062042236328, -88.49615478515625, -89.38719177246094, -88.28038787841797, -89.4356918334961, -88.82329559326172, -89.43768310546875, -88.78800964355469, -89.21054077148438, -88.3812255859375, -89.10992431640625, -88.23358154296875, -89.33352661132812, -88.36479949951172, -100.82161712646484, -103.07521057128906, -102.93260955810547, -102.68872833251953, -102.66590118408203, -102.74637603759766, -102.9778823852539, -103.03153228759766, -103.19293212890625, -103.0307388305664, -102.9868392944336, -102.95420837402344, -103.07213592529297, -103.22181701660156, -102.96874237060547, -102.8982162475586, -102.94309997558594, -103.02239990234375, -103.51842498779297, -103.28306579589844, -102.85485076904297, -102.81348419189453, -102.72787475585938, -102.65194702148438, -103.06092071533203, -103.12975311279297, -103.20439910888672, -102.96577453613281, -102.98458099365234, -103.1662826538086, -103.0737533569336, -103.10901641845703, -103.11339569091797, -103.06114196777344, -102.87700653076172, -102.82281494140625, -103.10655212402344, -102.91072082519531, -102.99781036376953, -103.28897094726562, -103.2889175415039, -103.26502227783203, -103.00616455078125, -102.78199768066406, -102.9538803100586, -102.96631622314453, -103.26807403564453, -103.15298461914062, -102.89305114746094, -102.69722747802734, -102.90411376953125, -103.11495971679688, -102.89990997314453, -102.97528839111328, -102.97602844238281, -102.93065643310547, -102.98240661621094, -102.93220520019531, -103.17576599121094, -102.999755859375, -103.0799331665039, -103.06868743896484, -102.92671203613281, -103.10597229003906, -103.23814392089844, -103.07766723632812, -102.99166870117188, -102.80901336669922, -103.15836334228516, -103.29840850830078, -103.02622985839844, -102.97431182861328, -103.04365539550781, -103.14562225341797, -103.1762924194336, -103.1250228881836, -103.26074981689453, -102.9697265625, -103.12059020996094, -103.21985626220703, -103.03488159179688, -102.83734893798828, -103.05812072753906, -103.24366760253906, -103.14665985107422, -103.1642074584961, -103.26254272460938, -103.1714859008789, -103.23153686523438, -103.11419677734375, -103.06527709960938, -103.05049133300781, -103.12843322753906, -103.03739929199219, -103.00281524658203, -103.0492172241211, -102.82732391357422, -102.64533996582031, -103.00069427490234, -103.18737030029297, -102.8520736694336, -102.6794662475586, -102.9553451538086, -102.901611328125, -103.03324127197266, -102.9427490234375, -103.03309631347656, -103.1873779296875, -103.26729583740234, -103.19575500488281, -103.01473236083984, -103.12158966064453, -103.04288482666016, -102.95724487304688, -102.9850082397461, -102.93102264404297, -102.98592376708984, -103.15348052978516, -102.94830322265625, -103.1201400756836, -103.1689682006836, -102.98863220214844, -102.86622619628906, -102.86990356445312, -103.11710357666016, -103.10321044921875, -102.93975830078125, -102.9710464477539, -102.85792541503906, -102.75406646728516, -102.82698059082031, -102.94670104980469, -103.08058166503906, -102.8116226196289, -102.86636352539062, -102.91966247558594, -103.10096740722656, -103.17449188232422, -103.21379852294922, -103.2489013671875, -103.2705307006836, -103.20719146728516, -103.23342895507812, -102.9921875, -103.12417602539062, -103.13835906982422, -103.10902404785156, -103.03641510009766, -103.01010131835938, -103.04399871826172, -103.095947265625, -103.12247467041016, -103.01221466064453, -103.14806365966797, -103.12565612792969, -103.03179931640625, -103.10611724853516, -103.1044692993164, -103.11196899414062, -103.00127410888672, -103.08118438720703, -103.20741271972656, -102.96637725830078, -102.98149108886719, -103.16631317138672, -103.0072250366211, -102.96851348876953, -103.09127044677734, -103.25704956054688, -103.17410278320312, -103.14868927001953, -103.27790832519531, -103.25128936767578, -103.03175354003906, -102.87244415283203, -102.82854461669922, -103.03707885742188, -102.98201751708984, -103.00117492675781, -103.04940032958984, -103.09777069091797, -102.94424438476562, -102.8194580078125, -102.86009979248047, -102.95528411865234, -103.2046890258789, -103.15682220458984, -102.97334289550781, -102.81549072265625, -102.80552673339844, -102.67322540283203, -102.76067352294922, -102.90747833251953, -102.94611358642578, -103.17202758789062, -103.14030456542969, -103.1920166015625, -103.1802978515625, -103.22405242919922, -102.95854949951172, -102.85958099365234, -103.0512924194336, -102.97389221191406, -103.2035140991211, -103.13812255859375, -102.89846801757812, -102.97528839111328, -103.11251068115234, -102.86935424804688, -102.96515655517578, -103.1479721069336, -102.92257690429688, -103.07018280029297, -103.20003509521484, -103.34647369384766, -103.33142852783203, -102.95777130126953, -103.01242065429688, -103.14762878417969, -103.17346954345703, -103.14258575439453, -103.003662109375, -103.01223754882812];
200012;0x6310631063106310631063106310631063106310631063106310631063106310;-88.59560954606442;-71.05198455669904;21.03453827490834;3.55;3.98;4.44668888888889;1.31;3.283611111111111;7.02;[-102.64885711669922, -102.54060363769531, -102.82881164550781, -102.71993255615234, -102.86946105957031, -102.77722930908203, -102.69133758544922, -102.78789520263672, -102.7804183959961, -102.67764282226562, -102.77139282226562, -102.78962707519531, -102.8054428100586, -102.98650360107422, -102.76041412353516, -102.61515808105469, -102.53459167480469, -102.62881469726562, -102.85393524169922, -102.86742401123047, -102.818359375, -102.73796081542969, -102.78913879394531, -102.81652069091797, -102.79984283447266, -103.04668426513672, -102.90167999267578, -103.00086212158203, -102.92987060546875, -102.70185089111328, -102.84745025634766, -102.95806121826172, -102.90652465820312, -102.89653015136719, -102.78521728515625, -102.7872543334961, -102.8127212524414, -102.8801498413086, -102.92510986328125, -102.82744598388672, -102.71158599853516, -102.76136779785156, -102.72325134277344, -102.98126220703125, -102.81466674804688, -102.79407501220703, -102.83928680419922, -102.94526672363281, -102.74897003173828, -102.92657470703125, -102.87796783447266, -102.76338958740234, -102.75849151611328, -102.88040924072266, -102.66190338134766, -102.60521697998047, -102.78922271728516, -102.8384017944336, -102.61422729492188, -102.71192169189453, -102.73131561279297, -102.87767028808594, -102.78028106689453, -102.49797058105469, -102.38311767578125, -102.73747253417969, -102.73762512207031, -102.78408813476562, -102.56515502929688, -102.60090637207031, -102.64236450195312, -102.8965835571289, -102.79403686523438, -102.48055267333984, -102.71604919433594, -103.01960754394531, -102.8668212890625, -102.71918487548828, -102.70664978027344, -102.92784881591797, -102.8854751586914, -102.70097351074219, -102.68033599853516, -102.94734191894531, -102.95124053955078, -102.5459976196289, -102.67469787597656, -102.94039916992188, -102.86939239501953, -102.87696838378906, -102.80219268798828, -102.70999908447266, -102.70150756835938, -102.8123779296875, -102.86107635498047, -103.01805114746094, -102.95216369628906, -102.79443359375, -102.78406524658203, -102.78107452392578, -102.8301773071289, -103.01731872558594, -102.88532257080078, -103.28234100341797, -103.20098876953125, -102.9393310546875, -102.79424285888672, -102.90841674804688, -102.82955169677734, -102.93333435058594, -102.98065948486328, -102.47309112548828, -102.5755615234375, -102.91291046142578, -102.89306640625, -103.02948760986328, -103.09951782226562, -103.01049041748047, -102.8072509765625, -102.74878692626953, -102.68862915039062, -102.7665786743164, -102.89395141601562, -102.99153900146484, -102.9465560913086, -102.81414794921875, -102.98930358886719, -103.0849838256836, -103.03575134277344, -103.0754165649414, -103.01183319091797, -103.05174255371094, -102.8776626586914, -102.68684387207031, -102.94983673095703, -103.08975982666016, -103.23845672607422, -103.03665161132812, -102.92542266845703, -102.83229064941406, -102.88465118408203, -102.9190444946289, -102.86927795410156, -103.03305053710938, -103.02855682373047, -102.78730773925781, -102.66890716552734, -102.6595458984375, -102.67682647705078, -103.00679779052734, -102.82843017578125, -102.72257995605469, -102.79472351074219, -103.11575317382812, -102.88493347167969, -102.94495391845703, -102.8744888305664, -102.80240631103516, -102.79939270019531, -102.68656158447266, -102.655517578125, -102.63288116455078, -103.02445983886719, -102.83280944824219, -102.84514617919922, -102.78191375732422, -102.75243377685547, -102.67919158935547, -102.7366714477539, -102.94961547851562, -103.0428466796875, -103.11258697509766, -103.13983154296875, -103.09461975097656, -103.0230484008789, -102.9775619506836, -103.12022399902344, -103.08763885498047, -102.96430206298828, -103.05724334716797, -102.86933898925781, -102.85401153564453, -102.94493865966797, -102.96685791015625, -103.0324935913086, -102.78526306152344, -102.95232391357422, -102.97347259521484, -102.8091049194336, -102.96056365966797, -103.0599365234375, -103.05398559570312, -102.9285888671875, -102.93704986572266, -102.97055053710938, -103.173583984375, -103.14958953857422, -102.93537139892578, -102.91023254394531, -102.83000946044922, -102.90524291992188, -103.2964096069336, -103.00133514404297, -102.94630432128906, -102.57597351074219, -102.81305694580078, -102.95323181152344, -103.03562927246094, -102.6722412109375, -102.82022094726562, -103.04724884033203, -102.994384765625, -102.9227294921875, -102.83755493164062, -102.8333969116211, -103.08147430419922, -102.89893341064453, -102.64420318603516, -102.76155090332031, -102.88238525390625, -102.9029769897461, -102.79261016845703, -101.93460845947266, -89.61964416503906, -88.70777893066406, -89.99642944335938, -89.0572280883789, -90.0007095336914, -88.94159698486328, -89.71693420410156, -88.541748046875, -89.44810485839844, -88.18440246582031, -89.27084350585938, -88.52775573730469, -89.33944702148438, -88.64430236816406, -89.45267486572266, -88.72278594970703, -89.36634063720703, -88.52640533447266, -89.2002182006836, -88.18437194824219, -89.30902862548828, -88.21417999267578, -89.53511047363281, -88.29875946044922, -89.40362548828125, -88.27772521972656, -88.49580383300781, -87.90655517578125, -88.56216430664062, -87.83390045166016, -88.47265625, -87.66708374023438, -88.18140411376953, -87.3071517944336, -88.4007339477539, -87.37347412109375, -88.36923217773438, -87.21170043945312, -88.4770736694336, -87.2962875366211, -88.47676086425781, -87.30342864990234, -88.08902740478516, -87.46041107177734, -87.94457244873047, -87.20825958251953, -88.29933166503906, -87.44903564453125, -87.76838684082031, -86.8154067993164, -87.96874237060547, -86.9062728881836, -88.15770721435547, -87.03765106201172, -87.89510345458984, -86.62865447998047, -87.96460723876953, -87.23201751708984, -87.40652465820312, -86.76873016357422, -87.50922393798828, -86.76036834716797, -87.63668823242188, -86.753662109375, -87.57891845703125, -86.62364196777344, -87.55729675292969, -86.44947052001953, -87.26049041748047, -86.05355834960938, -87.58984375, -86.30692291259766, -87.37628936767578, -86.60871124267578, -87.031982421875, -86.35234069824219, -86.9125747680664, -86.11648559570312, -86.70874786376953, -85.8041763305664, -86.81831359863281, -85.82547760009766, -86.94053649902344, -85.82697296142578, -87.14124298095703, -85.91070556640625, -86.81644439697266, -85.67761993408203, -86.50482177734375, -85.91351318359375, -86.39915466308594, -85.66313934326172, -86.38237762451172, -85.58460235595703, -86.42417907714844, -85.54147338867188, -86.29452514648438, -85.28520202636719, -86.0389175415039, -84.8567123413086, -86.09133911132812, -84.8443832397461, -86.28717041015625, -85.12214660644531, -85.91131591796875, -85.2721939086914, -85.75887298583984, -85.01545715332031, -85.90386962890625, -85.05921936035156, -85.99300384521484, -85.04122161865234, -85.76302337646484, -84.67095947265625, -85.73310852050781, -84.57425689697266, -85.84626770019531, -84.55973815917969, -85.28290557861328, -84.58247375488281, -85.23332214355469, -84.54866027832031, -85.33641052246094, -84.54448699951172, -85.30074310302734, -84.46825408935547, -85.46510314941406, -84.50457000732422, -85.60437774658203, -84.50927734375, -85.3911361694336, -84.2045669555664, -85.3060073852539, -84.02410888671875, -85.43755340576172, -84.6685562133789, -85.15035247802734, -84.46910095214844, -84.99967193603516, -84.23136901855469, -85.32879638671875, -84.3855209350586, -85.1099624633789, -84.1351318359375, -85.09354400634766, -83.9751968383789, -85.25143432617188, -84.04096221923828, -85.7216567993164, -84.57913970947266, -85.13150787353516, -84.53886413574219, -85.06652069091797, -84.34339141845703, -85.40806579589844, -84.58180236816406, -85.56906127929688, -84.62335205078125, -85.5032958984375, -84.49948120117188, -85.42341613769531, -84.29576873779297, -85.74956512451172, -84.52454376220703, -86.10865020751953, -84.93622589111328, -85.52822875976562, -84.87908172607422, -85.58955383300781, -84.83377075195312, -85.8579330444336, -84.99605560302734, -85.87989044189453, -84.95616149902344, -86.0135269165039, -84.98682403564453, -86.17618560791016, -84.99397277832031, -86.44588470458984, -85.13912963867188, -86.42418670654297, -85.69279479980469, -86.23567962646484, -85.56477355957031, -86.34060668945312, -85.60460662841797, -86.58296203613281, -85.68973541259766, -86.61953735351562, -85.68551635742188, -86.85992431640625, -85.779052734375, -86.69527435302734, -85.51090240478516, -87.4561767578125, -86.17870330810547, -87.18522644042969, -86.43313598632812, -86.92925262451172, -86.24662780761719, -87.42859649658203, -86.6405258178711, -87.32886505126953, -86.42687225341797, -87.40885162353516, -86.46976470947266, -87.49945068359375, -86.3651351928711, -87.64828491210938, -86.4256820678711, -87.72318267822266, -86.62492370605469, -87.41317749023438, -86.81581115722656, -87.87413787841797, -87.17874145507812, -87.90927124023438, -87.11094665527344, -87.97029113769531, -87.08199310302734, -88.1124267578125, -87.08489227294922, -88.00005340576172, -86.9036636352539, -88.20170593261719, -86.96705627441406, -88.07854461669922, -86.90792083740234, -88.02342987060547, -87.43373107910156, -87.91716766357422, -87.14767456054688, -87.8408203125, -87.01477813720703, -87.8816146850586, -86.94403839111328, -88.17261505126953, -87.10401916503906, -88.40255737304688, -87.2297592163086, -88.00437927246094, -86.71861267089844, -87.83731079101562, -87.13436126708984, -87.80087280273438, -87.15318298339844, -87.90065002441406, -87.14485931396484, -88.10104370117188, -87.26323699951172, -87.65715789794922, -86.69457244873047, -87.72057342529297, -86.61512756347656, -87.81868743896484, -86.67222595214844, -87.83934020996094, -86.54375457763672, -87.43252563476562, -86.69385528564453, -87.50162506103516, -86.81614685058594, -87.80303192138672, -87.03852844238281, -87.1781005859375, -86.28569030761719, -87.79238891601562, -86.82548522949219, -87.69029998779297, -86.59579467773438, -87.87317657470703, -86.66229248046875, -87.8623046875, -86.71263885498047, -87.01117706298828, -86.40311431884766, -87.69157409667969, -87.0132827758789, -87.50916290283203, -86.69095611572266, -87.53211975097656, -86.63462829589844, -87.67144775390625, -86.6301498413086, -87.80331420898438, -86.74649047851562, -87.92339324951172, -86.63809204101562, -87.89319610595703, -86.74036407470703, -87.74502563476562, -87.17039489746094, -87.5583267211914, -86.81977081298828, -87.88642120361328, -87.08150482177734, -88.08666229248047, -87.12488555908203, -87.65098571777344, -86.59188842773438, -88.2617416381836, -87.15179443359375, -88.01722717285156, -86.77496337890625, -87.83454132080078, -87.14703369140625, -88.207763671875, -87.5888900756836, -88.19194030761719, -87.463134765625, -87.93814849853516, -87.114501953125, -88.60052490234375, -87.69706726074219, -88.66270446777344, -87.5748519897461, -88.6567611694336, -87.49959564208984, -88.5034408569336, -87.24663543701172, -88.76276397705078, -88.06520080566406, -88.80049896240234, -88.12681579589844, -88.63465881347656, -87.88956451416016, -89.0703125, -88.19222259521484, -88.86637115478516, -87.85135650634766, -89.1656494140625, -88.08352661132812, -89.16173553466797, -87.97039031982422, -89.70561218261719, -88.61015319824219, -88.8971176147461, -88.3443374633789, -89.24388885498047, -88.57673645019531, -89.2555923461914, -88.4805679321289, -89.43004608154297, -88.52180480957031, -89.28900146484375, -88.29461669921875, -89.72535705566406, -88.64497375488281, -89.82791900634766, -88.66368103027344, -89.3744125366211, -88.24520111083984, -89.63694763183594, -88.98465728759766, -89.26790618896484, -88.53538513183594, -89.5272216796875, -88.69185638427734, -89.27181243896484, -88.34712982177734, -89.3761215209961, -88.36927795410156, -89.60153198242188, -88.5162124633789, -89.7286148071289, -88.47660064697266, -89.40547180175781, -88.68555450439453, -89.19776153564453, -88.56591796875, -89.18206787109375, -88.42023468017578, -89.32901763916016, -88.50943756103516, -89.6097412109375, -88.63020324707031, -89.54735565185547, -88.5416259765625, -89.63346862792969, -88.52681732177734, -89.64337921142578, -88.37789916992188, -89.52577209472656, -88.81782531738281, -89.41071319580078, -88.66656494140625, -89.40791320800781, -88.60819244384766, -89.43844604492188, -88.59046936035156, -89.44099426269531, -88.459716796875, -89.79859924316406, -88.75304412841797, -89.81182098388672, -88.58088684082031, -89.8071517944336, -88.71421813964844, -89.61182403564453, -89.06685638427734, -89.4417495727539, -88.77348327636719, -89.76995086669922, -88.9605712890625, -89.57063293457031, -88.68379974365234, -89.72137451171875, -88.7236099243164, -89.88925170898438, -88.75167083740234, -89.86555480957031, -88.64990234375, -89.99555206298828, -88.88827514648438, -89.56706237792969, -88.97216033935547, -89.7867202758789, -89.0851821899414, -89.94538879394531, -89.18238830566406, -89.84265899658203, -88.88810729980469, -89.87835693359375, -88.83694458007812, -89.83879852294922, -88.6793212890625, -90.12326049804688, -88.91445922851562, -90.2071762084961, -89.48033142089844, -90.01499938964844, -89.39965057373047, -90.20003509521484, -89.42576599121094, -90.27088928222656, -89.46334838867188, -90.4120101928711, -89.49323272705078, -90.1266098022461, -89.0298080444336, -90.43614959716797, -89.30905151367188, -90.47049713134766, -89.22090148925781, -90.30906677246094, -89.59280395507812, -90.24144744873047, -89.60173797607422, -90.1785888671875, -89.3969497680664, -90.24535369873047, -89.44744110107422, -90.45477294921875, -89.49407196044922, -90.40184783935547, -89.35364532470703, -90.40921783447266, -89.2633285522461, -90.76202392578125, -89.71055603027344, -90.54314422607422, -89.96650695800781, -90.65254211425781, -89.93070983886719, -90.4564208984375, -89.69976806640625, -90.72720336914062, -89.85919952392578, -90.50299072265625, -89.4923324584961, -90.88966369628906, -89.86656188964844, -90.7757797241211, -89.5694808959961, -90.9232177734375, -89.78336334228516, -90.21890258789062, -89.64132690429688, -90.35152435302734, -89.61988830566406, -90.64602661132812, -89.8245620727539, -90.33016204833984, -89.39944458007812, -90.50557708740234, -89.53990173339844, -90.59483337402344, -89.50214385986328, -90.9492416381836, -89.81627655029297, -91.11962890625, -90.40663146972656, -90.4532470703125, -89.86646270751953, -90.59217071533203, -89.87281799316406, -90.69287109375, -89.88433837890625, -90.78417205810547, -89.91726684570312, -90.92086029052734, -89.88196563720703, -90.7374267578125, -89.58953857421875, -91.35580444335938, -90.15576171875, -90.8320541381836, -90.08423614501953, -90.92402648925781, -90.26880645751953, -91.053955078125, -90.26239776611328, -90.97383117675781, -90.1443862915039, -90.91118621826172, -89.92474365234375, -91.0602798461914, -89.9773178100586, -90.97343444824219, -89.8091049194336, -91.29612731933594, -90.21881103515625, -90.61165618896484, -90.03971862792969, -91.2080307006836, -90.58246612548828, -91.51984405517578, -90.73484802246094, -91.50690460205078, -90.63729858398438, -91.52622985839844, -90.56511688232422, -91.81046295166016, -90.73638153076172, -91.6992416381836, -90.4958267211914, -91.99578094482422, -90.93748474121094, -91.2205581665039, -90.61119842529297, -91.55960083007812, -90.89591979980469, -91.81131744384766, -91.03435516357422, -92.10620880126953, -91.16390228271484, -91.69713592529297, -90.76410675048828, -92.1058578491211, -90.97119140625, -92.54933166503906, -91.37053680419922, -92.44310760498047, -91.73104858398438, -92.24321746826172, -91.6307601928711, -92.56620025634766, -91.90689849853516, -92.69829559326172, -91.93968200683594, -92.90204620361328, -91.95655822753906, -92.78193664550781, -91.82467651367188, -93.29244232177734, -92.10554504394531, -93.37266540527344, -92.2037582397461, -93.35173034667969, -92.63848114013672, -93.6075668334961, -92.96598815917969, -94.01164245605469, -93.39220428466797, -93.7818603515625, -92.96604919433594, -93.96903228759766, -93.13575744628906, -94.39862823486328, -93.53247833251953, -94.48257446289062, -93.4836654663086, -95.01908874511719, -93.98021697998047, -94.21853637695312, -93.69098663330078, -94.9825668334961, -94.38424682617188, -94.80288696289062, -94.14205932617188, -95.16128540039062, -94.36306762695312, -95.53136444091797, -94.67066192626953, -95.53883361816406, -94.54037475585938, -95.6025619506836, -94.57588958740234, -96.0048828125, -95.06377410888672, -95.21744537353516, -94.65882110595703, -95.50008392333984, -94.93632507324219, -95.7436752319336, -94.97429656982422, -95.6378402709961, -94.87847137451172, -95.9223861694336, -95.02351379394531, -95.49830627441406, -94.5205078125, -95.76485443115234, -94.75213623046875, -95.59342956542969, -95.00435638427734, -95.55648803710938, -95.08820343017578, -95.19341278076172, -94.5173568725586, -95.5433578491211, -94.94022369384766, -95.5678482055664, -94.84443664550781, -95.26692199707031, -94.32206726074219, -95.30126953125, -94.29722595214844, -95.68023681640625, -94.60395812988281, -95.4180679321289, -94.74127960205078, -95.32685852050781, -94.81749725341797, -95.23283386230469, -94.6081771850586, -95.06224822998047, -94.21212768554688, -95.3403549194336, -94.53138732910156, -95.39847564697266, -94.37141418457031, -95.41605377197266, -94.39654541015625, -95.66812896728516, -94.64832305908203, -95.28694152832031, -94.85548400878906, -95.69955444335938, -95.03491973876953, -95.4433364868164, -94.79167175292969, -95.74981689453125, -94.9382553100586, -95.9994125366211, -94.94747161865234, -95.60667419433594, -94.7868423461914, -95.71150207519531, -94.74118041992188, -96.4947738647461, -95.5467300415039, -95.84782409667969, -95.3848648071289, -95.98665618896484, -95.33201599121094, -96.59530639648438, -95.93580627441406, -96.34198760986328, -95.612548828125, -96.45614624023438, -95.58782958984375, -96.5656967163086, -95.6943359375, -96.85138702392578, -95.8797836303711, -96.88118743896484, -96.23241424560547, -96.60910034179688, -96.16826629638672, -96.91261291503906, -96.25358581542969, -96.88311767578125, -96.22859191894531, -96.83202362060547, -96.09860229492188, -96.85572052001953, -96.04998779296875, -97.17457580566406, -96.21636962890625, -97.1128921508789, -96.08951568603516, -96.95823669433594, -96.46875, -96.56952667236328, -95.99559783935547, -96.85205078125, -96.23314666748047, -97.10272979736328, -96.290771484375, -96.45426177978516, -95.64154815673828, -96.92789459228516, -96.05426788330078, -96.12181091308594, -95.07332611083984, -96.46438598632812, -95.44290161132812, -96.11428833007812, -95.611572265625, -95.85557556152344, -95.27519226074219, -95.37648010253906, -94.62239837646484, -95.4071044921875, -94.68502807617188, -95.2477035522461, -94.38410949707031, -94.6821060180664, -93.62808990478516, -94.79447174072266, -93.77140808105469, -94.56266021728516, -93.49837493896484, -93.73347473144531, -93.1333999633789, -93.46272277832031, -92.80585479736328, -93.48263549804688, -92.70149230957031, -93.02347564697266, -92.19082641601562, -92.85310363769531, -91.83360290527344, -92.54483795166016, -91.46965789794922, -92.32038116455078, -91.13773345947266, -91.99988555908203, -91.29389190673828, -91.67591857910156, -91.01152038574219, -91.43400573730469, -90.64469146728516, -90.97847747802734, -90.16062927246094, -91.07674407958984, -90.15505981445312, -90.70092010498047, -89.71853637695312, -90.30915832519531, -89.1158447265625, -90.28184509277344, -89.02328491210938, -90.15762329101562, -89.41423797607422, -89.34180450439453, -88.70401763916016, -89.34591674804688, -88.59111022949219, -89.78362274169922, -88.87672424316406, -88.95137023925781, -87.99883270263672, -89.27037048339844, -88.22825622558594, -89.25184631347656, -88.02975463867188, -88.74268341064453, -87.65652465820312, -88.28180694580078, -87.68177795410156, -88.3837890625, -87.67263793945312, -87.73905181884766, -86.90766906738281, -87.59761810302734, -86.68124389648438, -88.0341567993164, -87.05532836914062, -87.7790756225586, -86.6604995727539, -88.10935974121094, -86.91117095947266, -87.437255859375, -86.28412628173828, -87.11859130859375, -86.5310287475586, -87.66462707519531, -86.94217681884766, -87.40401458740234, -86.58224487304688, -87.11652374267578, -86.18633270263672, -87.34386444091797, -86.34152221679688, -87.1626968383789, -86.0106201171875, -87.26732635498047, -86.06244659423828, -99.57506561279297, -101.43765258789062, -87.02348327636719, -86.29683685302734, -87.38188171386719, -86.63653564453125, -87.3184814453125, -86.48683166503906, -86.76366424560547, -85.80084991455078, -87.302734375, -86.26380157470703, -87.14972686767578, -85.97978973388672, -87.36461639404297, -86.10758972167969, -86.7176742553711, -85.9769287109375, -86.89842987060547, -86.20331573486328, -86.8685073852539, -86.09882354736328, -87.25556945800781, -86.36808776855469, -87.19136810302734, -86.21968841552734, -87.70033264160156, -86.6215591430664, -87.40129852294922, -86.21023559570312, -87.41612243652344, -86.14848327636719, -87.19976043701172, -86.41451263427734, -87.24188995361328, -86.54085540771484, -87.41766357421875, -86.61998748779297, -87.41390228271484, -86.52266693115234, -87.87100982666016, -86.86737823486328, -87.66163635253906, -86.58729553222656, -88.3582763671875, -87.15962219238281, -87.9771728515625, -86.86190795898438, -87.72081756591797, -87.14617919921875, -88.14136505126953, -87.45500946044922, -87.83728790283203, -87.0015869140625, -87.91757202148438, -86.99604034423828, -88.59191131591797, -87.57904052734375, -88.94216918945312, -87.81220245361328, -88.84378814697266, -87.56681823730469, -89.42796325683594, -88.30493927001953, -88.90835571289062, -88.25721740722656, -89.32752227783203, -88.5860366821289, -89.29029846191406, -88.43700408935547, -89.59229278564453, -88.66685485839844, -89.63064575195312, -88.5946044921875, -89.93477630615234, -88.826416015625, -90.53284454345703, -89.24955749511719, -90.24185943603516, -89.58638000488281, -90.48761749267578, -89.8470230102539, -91.02149963378906, -90.27037811279297, -90.92012023925781, -90.06810760498047, -91.67554473876953, -90.7881851196289, -91.83731842041016, -90.76055908203125, -92.20367431640625, -91.05323791503906, -92.46527099609375, -91.22566986083984, -92.85868835449219, -92.15167236328125, -92.8352279663086, -92.175048828125, -93.21393585205078, -92.49373626708984, -93.55936431884766, -92.74375915527344, -94.38288879394531, -93.42076873779297, -94.42327880859375, -93.4523696899414, -95.17205810546875, -94.09928131103516, -95.39208221435547, -94.47360229492188, -95.62767791748047, -95.14244842529297, -96.19902801513672, -95.63768005371094, -96.72888946533203, -96.05431365966797, -97.44220733642578, -96.72096252441406, -97.79277801513672, -96.94374084472656, -98.16475677490234, -97.34932708740234, -98.58073425292969, -97.87096405029297, -99.34761810302734, -98.60743713378906, -99.90142059326172, -99.43033599853516, -100.40036010742188, -100.13187408447266, -100.92123413085938, -100.44349670410156, -101.39100646972656, -101.1591567993164, -101.68292236328125, -101.45166778564453, -102.08576965332031, -101.70722198486328, -102.17861938476562, -101.8060531616211, -102.16815185546875, -102.02320861816406, -102.10295104980469, -101.78021240234375, -102.06396484375, -101.63228607177734, -101.69453430175781, -101.48993682861328, -101.44636535644531, -100.97511291503906, -101.09910583496094, -100.5335464477539, -100.58206939697266, -99.9923324584961, -100.3187484741211, -99.4242935180664, -99.48123931884766, -99.0816879272461, -98.98432922363281, -98.41880798339844, -98.63276672363281, -98.09380340576172, -97.86786651611328, -97.04344177246094, -97.61205291748047, -96.95726776123047, -97.19337463378906, -96.18509674072266, -96.77603912353516, -95.76634216308594, -96.16152954101562, -95.27771759033203, -95.51570892333984, -95.11149597167969, -95.69975280761719, -95.04121398925781, -94.51429748535156, -93.77989959716797, -94.16242980957031, -93.29383850097656, -93.93878173828125, -92.9991683959961, -93.9631118774414, -92.94837951660156, -93.51286315917969, -92.3024673461914, -93.0656509399414, -91.93838500976562, -92.71834564208984, -92.10441589355469, -92.35908508300781, -91.5868148803711, -92.34223937988281, -91.528076171875, -92.31678009033203, -91.36225891113281, -91.46664428710938, -90.47161102294922, -91.75863647460938, -90.56990814208984, -91.29524230957031, -90.0445785522461, -91.13923645019531, -90.47159576416016, -90.41758728027344, -89.71849060058594, -90.3835220336914, -89.59635925292969, -90.16466522216797, -89.32025146484375, -90.14456939697266, -89.17697143554688, -90.20195770263672, -89.1326904296875, -90.13739776611328, -88.91957092285156, -89.6974105834961, -88.46102905273438, -89.4797134399414, -88.72150421142578, -89.08855438232422, -88.39764404296875, -89.25770568847656, -88.49217987060547, -89.36888122558594, -88.44062042236328, -88.9529800415039, -87.98358917236328, -89.26487731933594, -88.16563415527344, -89.05895233154297, -87.81842803955078, -89.03279113769531, -87.90347290039062, -88.8127670288086, -88.21573638916016, -88.4760513305664, -87.74047088623047, -88.6583023071289, -87.83951568603516, -88.30790710449219, -87.38530731201172, -88.65300750732422, -87.60456085205078, -88.2529296875, -87.08395385742188, -88.13050842285156, -86.89506530761719, -88.76480865478516, -87.54412841796875, -87.96979522705078, -87.30635070800781, -87.74505615234375, -86.98719024658203, -87.67174530029297, -86.83290100097656, -87.90078735351562, -86.93146514892578, -87.4696044921875, -86.42976379394531, -87.84415435791016, -86.70318603515625, -87.8106918334961, -86.50782012939453, -87.27774810791016, -86.5433578491211, -87.26545715332031, -86.61519622802734, -87.21051025390625, -86.42232513427734, -87.3349838256836, -86.45187377929688, -87.24291229248047, -86.23130798339844, -87.00607299804688, -85.89191436767578, -87.3680191040039, -86.17777252197266, -87.13198852539062, -85.83993530273438, -86.92440795898438, -86.11940002441406, -86.64375305175781, -85.94341278076172, -86.71437072753906, -85.90299224853516, -86.7889404296875, -85.9005126953125, -86.67029571533203, -85.67878723144531, -87.2269287109375, -86.13148498535156, -86.94818115234375, -85.69549560546875, -87.13435363769531, -86.00123596191406, -86.68018341064453, -86.08818054199219, -86.4981918334961, -85.76775360107422, -86.33773803710938, -85.52613067626953, -86.39663696289062, -85.42823028564453, -86.50443267822266, -85.45427703857422, -86.56005859375, -85.43827056884766, -86.54495239257812, -85.28974151611328, -86.465576171875, -85.2752914428711, -86.13581085205078, -85.51758575439453, -86.25792694091797, -85.52403259277344, -86.28845977783203, -85.41158294677734, -86.33307647705078, -85.3819351196289, -86.69364929199219, -85.61455535888672, -86.5029067993164, -85.29344940185547, -86.43987274169922, -85.16259765625, -86.29499053955078, -85.56117248535156, -86.25232696533203, -85.59265899658203, -86.33490753173828, -85.5697021484375, -86.15755462646484, -85.27428436279297, -86.60411071777344, -85.63973236083984, -86.75989532470703, -85.68773651123047, -86.89411163330078, -85.6793212890625, -86.83466339111328, -85.52892303466797, -86.7898178100586, -86.02628326416016, -86.6130599975586, -85.9254379272461, -86.81372833251953, -86.01590728759766, -87.04110717773438, -86.11369323730469, -86.86808013916016, -85.8283462524414, -87.03097534179688, -85.92192840576172, -87.13033294677734, -85.93101501464844, -87.08074188232422, -85.94966125488281, -86.77513885498047, -86.15717315673828, -87.16358184814453, -86.47081756591797, -87.20741271972656, -86.34391784667969, -87.49755859375, -86.61387634277344, -87.8144302368164, -86.76006317138672, -87.64767456054688, -86.50614929199219, -88.02117919921875, -86.7938003540039, -87.97091674804688, -86.8309326171875, -87.55146026611328, -86.93653106689453, -88.18497467041016, -87.4790267944336, -87.97310638427734, -87.07646179199219, -88.21248626708984, -87.30741882324219, -88.02040100097656, -86.9242935180664, -88.32450866699219, -87.13351440429688, -88.21212768554688, -86.94498443603516, -88.1286849975586, -87.38805389404297, -88.10054779052734, -87.4635238647461, -88.16107177734375, -87.41791534423828, -88.25611877441406, -87.33516693115234, -88.43218994140625, -87.43595123291016, -88.71566772460938, -87.69361114501953, -88.36332702636719, -87.13761138916016, -88.67131042480469, -87.37049865722656, -88.00537872314453, -87.21853637695312, -87.9487533569336, -87.302001953125, -88.20551300048828, -87.40449523925781, -88.32968139648438, -87.39513397216797, -88.21342468261719, -87.22573852539062, -88.11505889892578, -87.03272247314453, -88.2397689819336, -87.06451416015625, -88.18124389648438, -87.05711364746094, -87.73412322998047, -87.08534240722656, -87.87181854248047, -87.1783447265625, -87.8761215209961, -87.05690002441406, -88.10592651367188, -87.18488311767578, -87.9774169921875, -86.90702819824219, -87.86820983886719, -86.74903106689453, -88.25810241699219, -87.03569793701172, -88.20282745361328, -87.02521514892578, -87.71471405029297, -87.04267120361328, -87.67192077636719, -86.95318603515625, -87.69805908203125, -86.87030792236328, -87.61021423339844, -86.63551330566406, -87.98413848876953, -86.8975830078125, -88.12394714355469, -86.94076538085938, -88.0060806274414, -86.7325668334961, -87.63250732421875, -86.90959930419922, -88.04934692382812, -87.42418670654297, -87.76224517822266, -86.95174407958984, -87.70723724365234, -86.8639144897461, -87.97685241699219, -87.03302764892578, -88.13160705566406, -87.04301452636719, -88.3076400756836, -87.13450622558594, -88.06354522705078, -86.77484130859375, -87.89175415039062, -87.125732421875, -87.76527404785156, -87.10244750976562, -87.82221221923828, -86.98970794677734, -88.23590087890625, -87.35839080810547, -87.83265686035156, -86.80828857421875, -88.02122497558594, -86.95389556884766, -88.08032989501953, -86.85875701904297, -88.48605346679688, -87.34149169921875, -87.98033142089844, -87.3897476196289, -88.24573516845703, -87.5587387084961, -88.16722869873047, -87.32498168945312, -88.27957153320312, -87.37139892578125, -88.14207458496094, -87.07598876953125, -88.51854705810547, -87.40689849853516, -88.47355651855469, -87.23546600341797, -88.6838150024414, -87.5258560180664, -88.31100463867188, -87.67035675048828, -88.7513656616211, -87.98125457763672, -88.88457489013672, -88.08472442626953, -88.84074401855469, -87.90408325195312, -88.85910034179688, -87.84201049804688, -89.31547546386719, -88.17160034179688, -89.17869567871094, -87.87076568603516, -89.05755615234375, -88.3426284790039, -88.94274139404297, -88.28546142578125, -88.91014099121094, -88.18187713623047, -89.14363098144531, -88.25655364990234, -89.24053192138672, -88.28410339355469, -89.24365234375, -88.16600036621094, -89.53829956054688, -88.30707550048828, -89.7066879272461, -88.44760131835938, -89.53490447998047, -88.82656860351562, -89.22437286376953, -88.48043060302734, -89.27349090576172, -88.50507354736328, -88.93034362792969, -88.01786804199219, -89.12612915039062, -88.16899871826172, -89.23538208007812, -88.09639739990234, -89.50145721435547, -88.27202606201172, -89.50799560546875, -88.37007904052734, -89.12996673583984, -88.52670288085938, -89.27288818359375, -88.53994750976562, -89.10381317138672, -88.27812957763672, -89.04750061035156, -88.12689208984375, -89.29374694824219, -88.29055786132812, -88.90237426757812, -87.7313003540039, -88.94754791259766, -87.6861572265625, -88.58663940429688, -87.4555892944336, -88.61344146728516, -88.00706481933594, -88.25875091552734, -87.47246551513672, -88.07001495361328, -87.21751403808594, -87.9961166381836, -87.0510025024414, -88.33155059814453, -87.3320541381836, -88.44357299804688, -87.29816436767578, -88.00117492675781, -86.73934936523438, -87.75399017333984, -87.01543426513672, -87.22061920166016, -86.5831069946289, -87.49288177490234, -86.70159149169922, -87.2336196899414, -86.35472869873047, -87.03997802734375, -86.04938507080078, -87.31135559082031, -86.22601318359375, -87.06167602539062, -85.88577270507812, -86.95266723632812, -85.66902923583984, -86.78133392333984, -85.97418975830078, -86.11945343017578, -85.44727325439453, -86.41940307617188, -85.61881256103516, -86.09923553466797, -85.20104217529297, -86.48381042480469, -85.4916763305664, -86.31486511230469, -85.15737915039062, -85.74854278564453, -84.5135726928711, -86.0714111328125, -84.91606140136719, -85.80716705322266, -85.19700622558594, -85.53214263916016, -84.79950714111328, -85.54652404785156, -84.66970825195312, -85.54193115234375, -84.63338470458984, -85.36901092529297, -84.34127807617188, -85.396240234375, -84.21949768066406, -85.28518676757812, -83.99481201171875, -85.61485290527344, -84.4607925415039, -84.98284912109375, -84.30476379394531, -85.09492492675781, -84.35751342773438, -84.98849487304688, -84.1220932006836, -85.1368179321289, -84.21353149414062, -85.22573852539062, -84.1382827758789, -85.19862365722656, -83.99764251708984, -85.22968292236328, -83.95260620117188, -84.60356903076172, -83.85625457763672, -84.77622985839844, -84.1370849609375, -85.01506805419922, -84.2588882446289, -84.72595977783203, -83.8365707397461, -85.01061248779297, -84.02153015136719, -84.89149475097656, -83.78321838378906, -85.28020477294922, -84.10355377197266, -85.04367065429688, -83.71365356445312, -85.2034683227539, -84.45337677001953, -84.92259216308594, -84.23260498046875, -85.2374496459961, -84.42596435546875, -85.26085662841797, -84.35926818847656, -85.03736877441406, -84.006103515625, -85.31918334960938, -84.19580841064453, -85.40149688720703, -84.1695327758789, -85.82461547851562, -84.69697570800781, -85.06031036376953, -84.43452453613281, -85.26130676269531, -84.5516128540039, -85.46880340576172, -84.6520767211914, -85.74738311767578, -84.79267120361328, -85.6021728515625, -84.59236145019531, -85.98544311523438, -84.86951446533203, -86.0150375366211, -84.75001525878906, -86.08381652832031, -84.92280578613281, -85.70220947265625, -85.05155944824219, -85.71868896484375, -84.96580505371094, -85.9995346069336, -85.14994812011719, -86.24626159667969, -85.2638168334961, -86.64762115478516, -85.58695983886719, -86.4702377319336, -85.27576446533203, -86.64917755126953, -85.3626937866211, -86.57843017578125, -85.81936645507812, -86.50164794921875, -85.83332824707031, -86.50311279296875, -85.7443618774414, -86.91111755371094, -86.01781463623047, -86.88967895507812, -85.8739242553711, -87.28339385986328, -86.22613525390625, -87.34471893310547, -86.14866638183594, -87.4542007446289, -86.18370819091797, -87.70758819580078, -86.94612884521484, -87.55094909667969, -86.82819366455078, -87.91423034667969, -87.14229583740234, -87.92479705810547, -87.00098419189453, -88.30535888671875, -87.30125427246094, -88.62451171875, -87.58349609375, -88.84344482421875, -87.61196899414062, -88.9508285522461, -87.82395935058594, -88.92660522460938, -88.31706237792969, -89.0272216796875, -88.34385681152344, -89.27999877929688, -88.44915771484375, -89.55265808105469, -88.6589584350586, -89.82972717285156, -88.84439086914062, -90.14690399169922, -89.05146026611328, -90.13513946533203, -88.88998413085938, -90.71967315673828, -89.62612915039062, -90.18136596679688, -89.59876251220703, -90.36408233642578, -89.62674713134766, -90.67440032958984, -89.8120346069336, -90.60723876953125, -89.70539093017578, -90.89495086669922, -89.91942596435547, -90.7137451171875, -89.60406494140625, -90.95352935791016, -89.71885681152344, -90.79119110107422, -90.15158081054688, -90.86212158203125, -90.26274108886719, -91.11994934082031, -90.38694763183594, -91.03509521484375, -90.18583679199219, -91.08576202392578, -90.16107940673828, -90.93891143798828, -89.93510437011719, -90.95159149169922, -89.75887298583984, -91.12337493896484, -89.79449462890625, -90.95523834228516, -90.21090698242188, -90.4141845703125, -89.69974517822266, -90.48848724365234, -89.65187072753906, -90.28156280517578, -89.45085144042969, -90.52731323242188, -89.55341339111328, -90.44756317138672, -89.3611068725586, -90.33028411865234, -89.14778137207031, -89.87971496582031, -88.79581451416016, -89.84654235839844, -89.22599029541016, -89.86087036132812, -89.17440032958984, -89.57423400878906, -88.7066650390625, -89.39421081542969, -88.4751968383789, -89.58504486083984, -88.61896514892578, -101.12796783447266, -103.12390899658203, -103.02134704589844, -103.06178283691406, -103.0960464477539, -102.95811462402344, -103.18809509277344, -103.03209686279297, -103.1017837524414, -102.79534912109375, -103.02666473388672, -103.0663070678711, -102.92707061767578, -103.20337677001953, -103.0927963256836, -102.96749877929688, -103.09412384033203, -103.17375183105469, -103.18417358398438, -103.13935852050781, -102.92953491210938, -102.85591125488281, -103.00007629394531, -102.6878890991211, -103.0646743774414, -103.11776733398438, -102.90752410888672, -102.95681762695312, -103.2826156616211, -102.98834228515625, -103.01994323730469, -102.89619445800781, -102.9135513305664, -103.03768157958984, -102.81297302246094, -102.54991149902344, -103.03785705566406, -103.10763549804688, -103.19152069091797, -103.18514251708984, -103.17203521728516, -103.15695190429688, -103.13298034667969, -102.98774719238281, -103.02349853515625, -103.37098693847656, -102.93360900878906, -102.97122955322266, -102.9803695678711, -102.83706665039062, -102.71996307373047, -102.83798217773438, -102.95915985107422, -102.89393615722656, -102.8647689819336, -102.83628845214844, -102.9081802368164, -102.93120574951172, -103.00203704833984, -102.77534484863281, -103.04287719726562, -103.18763732910156, -103.15086364746094, -103.09403991699219, -103.32695770263672, -103.2535171508789, -103.23056030273438, -103.07298278808594, -102.88459777832031, -102.85273742675781, -102.98191833496094, -103.16049194335938, -103.20948028564453, -103.18506622314453, -103.0379867553711, -103.0210952758789, -103.28986358642578, -103.35353088378906, -103.19207763671875, -103.10741424560547, -102.9124755859375, -102.83604431152344, -102.99124908447266, -103.07470703125, -103.09321594238281, -103.17466735839844, -103.20415496826172, -103.10929870605469, -103.04618072509766, -103.14501190185547, -103.08214569091797, -103.06641387939453, -103.08203887939453, -103.16862487792969, -103.2282943725586, -102.86746978759766, -102.94599151611328, -103.11808776855469, -103.2702865600586, -103.08009338378906, -102.81395721435547, -102.75164794921875, -102.8321762084961, -102.92521667480469, -103.0794448852539, -102.92449188232422, -102.84876251220703, -103.0100326538086, -103.28610229492188, -103.13175201416016, -102.95512390136719, -103.01057434082031, -102.98979187011719, -102.86188507080078, -102.97447204589844, -103.00690460205078, -103.01113891601562, -102.93571472167969, -102.93787384033203, -102.9551010131836, -103.32379913330078, -103.21344757080078, -103.16903686523438, -103.22128295898438, -103.10636138916016, -103.05299377441406, -103.17321014404297, -103.22096252441406, -102.87632751464844, -102.74243927001953, -103.16998291015625, -103.05825805664062, -103.2903823852539, -103.3046875, -103.03211975097656, -103.09768676757812, -103.15770721435547, -103.2678451538086, -103.18524932861328, -103.30513763427734, -103.11661529541016, -103.06056213378906, -103.00984191894531, -102.91117095947266, -103.1716537475586, -103.0373764038086, -103.1252670288086, -102.91278076171875, -103.08651733398438, -103.04701232910156, -103.01171875, -102.87129211425781, -103.1109619140625, -103.06275177001953, -103.22088623046875, -103.35137176513672, -103.17495727539062, -103.2667007446289, -103.24989318847656, -102.91866302490234, -102.8875732421875, -103.02049255371094, -102.93732452392578, -102.88670349121094, -103.11163330078125, -103.1044692993164, -103.1565933227539, -103.178466796875, -103.12995147705078, -103.12002563476562, -103.22246551513672, -103.1661148071289, -102.92890930175781, -102.94647979736328, -102.99295043945312, -102.94208526611328, -103.03816986083984, -102.94894409179688, -102.8076400756836, -102.92662811279297, -103.11917114257812, -103.05419921875, -103.14461517333984, -103.13191986083984, -103.21614074707031, -103.31403350830078, -103.12332916259766, -102.94966125488281, -103.01758575439453, -103.16712951660156, -103.07684326171875, -102.98223876953125, -103.2002944946289, -103.07292175292969, -103.12215423583984, -103.08702850341797, -103.41703033447266, -103.28612518310547, -103.14237213134766, -103.06175994873047, -103.01438903808594, -103.01656341552734, -103.12261962890625, -103.14057159423828, -103.14320373535156, -103.00733947753906, -103.04049682617188, -103.05609893798828, -103.1490707397461, -103.3006591796875, -103.0860824584961, -103.08326721191406, -103.3060302734375, -103.15608978271484, -103.05510711669922, -102.98612213134766, -102.95675659179688, -103.09300994873047, -102.96589660644531, -103.0101318359375, -102.90744018554688, -103.11479187011719, -103.16259002685547];
200013;0x6318631863186318631863186318631863186318631863186318631863186318;-89.44565839843328;-71.05198455669904;21.03453827490834;3.55;3.98;4.44668888888889;1.31;3.283611111111111;7.02;[-102.8451156616211, -102.59318542480469, -102.76284790039062, -102.881591796875, -102.85066986083984, -102.81707000732422, -102.69689178466797, -102.82357788085938, -103.00389862060547, -102.791259765625, -102.839111328125, -102.9652328491211, -102.87628936767578, -102.83507537841797, -102.87889099121094, -102.9297103881836, -102.63056945800781, -102.95344543457031, -102.7943344116211, -102.9081802368164, -102.93556213378906, -102.93775939941406, -102.70648956298828, -102.6944808959961, -102.69026184082031, -102.8267593383789, -102.84223937988281, -102.62933349609375, -102.645263671875, -102.96868896484375, -102.8970718383789, -102.8366470336914, -102.74443817138672, -102.98351287841797, -103.01830291748047, -102.88977813720703, -102.61251831054688, -102.92359161376953, -102.92410278320312, -102.75074768066406, -102.7734146118164, -102.79080963134766, -102.7668685913086, -102.9007339477539, -102.8891830444336, -102.74271392822266, -102.78431701660156, -102.7281723022461, -102.8910140991211, -102.86266326904297, -102.7305679321289, -102.70760345458984, -102.80072021484375, -102.74730682373047, -102.76705169677734, -102.76793670654297, -102.70919036865234, -102.53904724121094, -102.52393341064453, -102.45726776123047, -102.37841033935547, -102.8161392211914, -102.95370483398438, -102.90444946289062, -102.60199737548828, -102.94560241699219, -102.9173812866211, -102.73674774169922, -102.79059600830078, -102.72942352294922, -102.62641143798828, -102.60649871826172, -102.83135223388672, -102.960205078125, -102.89566802978516, -102.90079498291016, -102.6649398803711, -102.83631134033203, -102.77214050292969, -103.06666564941406, -102.87581634521484, -102.82392883300781, -102.68860626220703, -102.79624938964844, -102.85343933105469, -102.50849914550781, -102.53883361816406, -103.1291275024414, -102.96566772460938, -102.855712890625, -102.85536193847656, -102.88571166992188, -102.83251190185547, -102.78141784667969, -102.51902770996094, -102.58279418945312, -102.9503402709961, -102.91519165039062, -102.81096649169922, -103.06715393066406, -102.89859771728516, -103.09928131103516, -103.1098403930664, -102.86659240722656, -102.77851104736328, -102.77448272705078, -102.73713684082031, -102.76874542236328, -102.73472595214844, -102.91773986816406, -102.90111541748047, -102.78931427001953, -102.4901123046875, -102.94361114501953, -102.8819351196289, -102.80506896972656, -102.84854888916016, -102.80799102783203, -102.87789154052734, -102.9677734375, -103.02619934082031, -102.78015899658203, -102.79667663574219, -102.89909362792969, -102.93595886230469, -102.96630859375, -102.95250701904297, -102.78360748291016, -102.91912841796875, -103.05496978759766, -102.86329650878906, -102.99447631835938, -103.14678192138672, -102.8206787109375, -102.85405731201172, -102.97337341308594, -102.72148132324219, -102.71942138671875, -102.7472915649414, -102.91621398925781, -102.94080352783203, -103.23092651367188, -103.0677261352539, -103.0545654296875, -102.92304229736328, -102.79879760742188, -102.78984069824219, -102.61537170410156, -102.7514877319336, -102.92542266845703, -102.9541244506836, -102.8576431274414, -102.8150634765625, -102.72242736816406, -102.6761474609375, -102.87472534179688, -103.10565185546875, -102.9039077758789, -102.75223541259766, -103.07662200927734, -102.98129272460938, -102.95777893066406, -102.96585845947266, -103.03555297851562, -102.81131744384766, -102.86404418945312, -102.81703186035156, -103.17266082763672, -103.00780487060547, -102.90524291992188, -102.91764068603516, -102.84793090820312, -102.96698760986328, -103.03072357177734, -102.92465209960938, -102.86614990234375, -102.94584655761719, -103.01814270019531, -103.03319549560547, -102.68690490722656, -102.8337631225586, -102.82889556884766, -102.97278594970703, -102.96009063720703, -102.86996459960938, -102.73375701904297, -102.84424591064453, -102.96060180664062, -102.82450103759766, -102.64908599853516, -102.87593841552734, -102.92701721191406, -102.979736328125, -102.93844604492188, -102.90679168701172, -102.92855072021484, -102.99913024902344, -103.02041625976562, -102.93673706054688, -102.85274505615234, -103.044921875, -103.13765716552734, -103.11192321777344, -102.72562408447266, -102.7245101928711, -102.85830688476562, -102.83267974853516, -102.87261962890625, -102.84627532958984, -102.85215759277344, -102.88838958740234, -102.95501708984375, -103.00883483886719, -102.87956237792969, -102.81548309326172, -102.94738006591797, -102.90167999267578, -102.7080307006836, -102.9664306640625, -102.93876647949219, -102.86466217041016, -103.02009582519531, -102.21745300292969, -90.39432525634766, -89.47837829589844, -90.8208999633789, -89.90242767333984, -90.83004760742188, -89.8029556274414, -90.56688690185547, -89.3785171508789, -90.31233215332031, -89.00910949707031, -90.1370849609375, -89.39749145507812, -90.14331817626953, -89.51521301269531, -90.30482482910156, -89.51683044433594, -90.2581787109375, -89.43242645263672, -90.0772705078125, -89.09965515136719, -90.1324691772461, -89.03363037109375, -90.39459228515625, -89.21549224853516, -90.32962036132812, -89.24395751953125, -89.45701599121094, -88.89404296875, -89.57096099853516, -88.86827850341797, -89.47152709960938, -88.68357849121094, -89.24503326416016, -88.34458923339844, -89.38945007324219, -88.3951187133789, -89.38703918457031, -88.21305084228516, -89.49994659423828, -88.2413101196289, -89.43862915039062, -88.31278991699219, -89.1536865234375, -88.5644302368164, -88.85719299316406, -88.1726303100586, -89.38331604003906, -88.53491973876953, -88.77251434326172, -87.8292236328125, -88.9872055053711, -87.95943450927734, -89.28458404541016, -88.13716125488281, -88.95661926269531, -87.73753356933594, -89.043212890625, -88.30121612548828, -88.54302978515625, -87.88297271728516, -88.57601928710938, -87.83651733398438, -88.76890563964844, -87.97128295898438, -88.79674530029297, -87.81473541259766, -88.67617797851562, -87.57984924316406, -88.44607543945312, -87.24808502197266, -88.74417114257812, -87.45124816894531, -88.54586791992188, -87.78582000732422, -88.32623291015625, -87.63031768798828, -88.10928344726562, -87.31646728515625, -87.8534927368164, -86.91700744628906, -88.03104400634766, -87.04529571533203, -88.14378356933594, -87.11092376708984, -88.27911376953125, -87.07720184326172, -88.04161834716797, -86.9539794921875, -87.63114929199219, -87.06204223632812, -87.63436889648438, -86.89320373535156, -87.64893341064453, -86.83075714111328, -87.6232681274414, -86.74710845947266, -87.5362548828125, -86.51606750488281, -87.24762725830078, -86.0693359375, -87.30616760253906, -86.07022857666016, -87.50569915771484, -86.34724426269531, -87.15483856201172, -86.49571228027344, -86.90865325927734, -86.20198822021484, -87.14181518554688, -86.28981018066406, -87.1601791381836, -86.23328399658203, -86.9775619506836, -85.92601776123047, -86.98124694824219, -85.82608795166016, -87.01802825927734, -85.75433349609375, -86.51657104492188, -85.75833892822266, -86.36299896240234, -85.72962951660156, -86.49382781982422, -85.70822143554688, -86.48250579833984, -85.63748931884766, -86.66580200195312, -85.7129898071289, -86.77706909179688, -85.7315902709961, -86.5831298828125, -85.38980102539062, -86.47933197021484, -85.19276428222656, -86.57627868652344, -85.8084487915039, -86.33824157714844, -85.66394805908203, -86.2088623046875, -85.39791107177734, -86.51608276367188, -85.62992858886719, -86.32858276367188, -85.30540466308594, -86.24717712402344, -85.11865997314453, -86.45339965820312, -85.27993774414062, -86.89702606201172, -85.72844696044922, -86.26065063476562, -85.65505981445312, -86.21107482910156, -85.50575256347656, -86.58139038085938, -85.80509948730469, -86.72509002685547, -85.80880737304688, -86.74028778076172, -85.70670318603516, -86.62612915039062, -85.47801971435547, -86.94573974609375, -85.69528198242188, -87.2182388305664, -86.08080291748047, -86.69624328613281, -86.03207397460938, -86.71411895751953, -85.98784637451172, -87.07389831542969, -86.24105834960938, -87.06702423095703, -86.15214538574219, -87.2849349975586, -86.24201202392578, -87.37390899658203, -86.26435089111328, -87.70478820800781, -86.4627914428711, -87.6566390991211, -86.95247650146484, -87.52440643310547, -86.85322570800781, -87.5975570678711, -86.83671569824219, -87.81538391113281, -86.96639251708984, -87.93724060058594, -86.94185638427734, -88.14039611816406, -87.09590911865234, -88.11773681640625, -86.90990447998047, -88.77980041503906, -87.57070922851562, -88.5653305053711, -87.82901000976562, -88.2562026977539, -87.60548400878906, -88.85347747802734, -88.05452728271484, -88.7307357788086, -87.84900665283203, -88.83712768554688, -87.87950134277344, -88.92144012451172, -87.81074523925781, -89.11473083496094, -87.92545318603516, -89.26232147216797, -88.14430236816406, -88.91405487060547, -88.3095703125, -89.33260345458984, -88.64543914794922, -89.39590454101562, -88.57650756835938, -89.41392517089844, -88.53440856933594, -89.5362777709961, -88.53977966308594, -89.57308959960938, -88.47393035888672, -89.76097106933594, -88.57648468017578, -89.55638885498047, -88.446533203125, -89.53419494628906, -88.98990631103516, -89.49441528320312, -88.78726196289062, -89.39286041259766, -88.57049560546875, -89.3767318725586, -88.4671859741211, -89.70635986328125, -88.67425537109375, -89.91470336914062, -88.81319427490234, -89.48135375976562, -88.27009582519531, -89.4625015258789, -88.73596954345703, -89.23110961914062, -88.608154296875, -89.44806671142578, -88.69293975830078, -89.63548278808594, -88.7293472290039, -89.15647888183594, -88.19145965576172, -89.1957015991211, -88.13204956054688, -89.32029724121094, -88.16387939453125, -89.32359313964844, -88.03221893310547, -88.88543701171875, -88.1828384399414, -88.9231185913086, -88.27289581298828, -89.30106353759766, -88.51668548583984, -88.59730529785156, -87.74439239501953, -89.28083038330078, -88.31317901611328, -89.2348403930664, -88.10740661621094, -89.27497100830078, -88.10928344726562, -89.24469757080078, -88.11554718017578, -88.56645202636719, -87.95957946777344, -89.1430435180664, -88.48566436767578, -88.92620086669922, -88.1082763671875, -88.97976684570312, -88.07494354248047, -89.124267578125, -88.09479522705078, -89.28666687011719, -88.17496490478516, -89.33599853515625, -88.11670684814453, -89.28067016601562, -88.17877960205078, -89.21666717529297, -88.63642883300781, -89.14373016357422, -88.41242218017578, -89.3623275756836, -88.5629653930664, -89.56119537353516, -88.64120483398438, -89.16114807128906, -88.09815979003906, -89.77005767822266, -88.65821075439453, -89.57733917236328, -88.34686279296875, -89.42218780517578, -88.72380828857422, -89.83055877685547, -89.17627716064453, -89.82115936279297, -89.06989288330078, -89.61665344238281, -88.73570251464844, -90.2403793334961, -89.2837905883789, -90.35282897949219, -89.30852508544922, -90.38308715820312, -89.20155334472656, -90.1978530883789, -88.94491577148438, -90.51443481445312, -89.79689025878906, -90.51380920410156, -89.87639617919922, -90.44792938232422, -89.66423797607422, -90.92577362060547, -90.04859161376953, -90.53409576416016, -89.60894775390625, -90.98403930664062, -89.94584655761719, -90.99388885498047, -89.85228729248047, -91.57884979248047, -90.4179458618164, -90.88232421875, -90.281005859375, -91.18415069580078, -90.54853057861328, -91.19995880126953, -90.39185333251953, -91.39092254638672, -90.4963150024414, -91.25892639160156, -90.31623840332031, -91.69672393798828, -90.63639068603516, -91.79876708984375, -90.62224578857422, -91.51163482666016, -90.34564208984375, -91.63604736328125, -91.04051208496094, -91.32714080810547, -90.68256378173828, -91.57730865478516, -90.82695770263672, -91.42977905273438, -90.52571868896484, -91.49864959716797, -90.45845031738281, -91.70841217041016, -90.61650085449219, -91.86276245117188, -90.70374298095703, -91.54808807373047, -90.86421203613281, -91.33200073242188, -90.74569702148438, -91.4732437133789, -90.73273468017578, -91.41263580322266, -90.5815200805664, -91.86981201171875, -90.9229965209961, -91.62264251708984, -90.62551879882812, -91.98705291748047, -90.91233825683594, -91.8581314086914, -90.65162658691406, -91.66392517089844, -90.94279479980469, -91.61996459960938, -90.96572875976562, -91.63652801513672, -90.90869903564453, -91.73291778564453, -90.93460083007812, -91.81536102294922, -90.82365417480469, -91.99444580078125, -90.98130798339844, -91.943603515625, -90.76831817626953, -92.02388763427734, -90.988037109375, -91.83734893798828, -91.26216888427734, -91.86847686767578, -91.21620178222656, -91.98074340820312, -91.23078155517578, -91.82592010498047, -90.94770050048828, -92.10050964355469, -91.12409973144531, -92.18450164794922, -91.1565170288086, -92.12794494628906, -90.94992065429688, -92.2885513305664, -91.1739730834961, -91.88946533203125, -91.32368469238281, -92.10710906982422, -91.4485855102539, -92.37779235839844, -91.61312866210938, -92.1840591430664, -91.25948333740234, -92.2555923461914, -91.217529296875, -92.17879486083984, -91.12861633300781, -92.45677947998047, -91.28433990478516, -92.59767150878906, -91.92062377929688, -92.32495880126953, -91.75868225097656, -92.55313873291016, -91.7647476196289, -92.71321105957031, -91.88829040527344, -92.72604370117188, -91.8326644897461, -92.54228973388672, -91.51776885986328, -92.92450714111328, -91.81237030029297, -92.84701538085938, -91.6335220336914, -92.75254821777344, -91.99275207519531, -92.69232940673828, -92.05394744873047, -92.64199829101562, -91.87930297851562, -92.78459167480469, -91.97221374511719, -92.9609146118164, -92.03060150146484, -92.90829467773438, -91.88253784179688, -92.89047241210938, -91.7852554321289, -93.32080841064453, -92.29881286621094, -93.0079345703125, -92.45272827148438, -93.09911346435547, -92.44437408447266, -92.97911071777344, -92.23694610595703, -93.26622772216797, -92.44963073730469, -93.16232299804688, -92.23516082763672, -93.37909698486328, -92.41535186767578, -93.29386901855469, -92.12139892578125, -93.45844268798828, -92.36788177490234, -92.91141510009766, -92.26398468017578, -92.89264678955078, -92.26707458496094, -93.14492797851562, -92.4089584350586, -92.87962341308594, -92.02843475341797, -93.11779022216797, -92.17757415771484, -93.15597534179688, -92.11600494384766, -93.56088256835938, -92.44671630859375, -93.75947570800781, -93.03108215332031, -93.22618103027344, -92.53630065917969, -93.17308807373047, -92.47999572753906, -93.2999038696289, -92.52021026611328, -93.49381256103516, -92.6009521484375, -93.50511932373047, -92.47052001953125, -93.33335876464844, -92.22601318359375, -94.01585388183594, -92.91635131835938, -93.48627471923828, -92.7560806274414, -93.64775848388672, -93.01957702636719, -93.61510467529297, -92.9142074584961, -93.76068878173828, -92.9377212524414, -93.54578399658203, -92.59060668945312, -93.57942199707031, -92.6509017944336, -93.74787902832031, -92.63089752197266, -94.16365814208984, -93.1570053100586, -93.4245376586914, -92.97698211669922, -93.90737915039062, -93.34190368652344, -94.23468017578125, -93.61312866210938, -94.27558135986328, -93.50786590576172, -94.45858764648438, -93.52713775634766, -94.75349426269531, -93.81004333496094, -94.6095199584961, -93.55462646484375, -94.73506164550781, -93.74327850341797, -94.31124114990234, -93.70299530029297, -94.7651596069336, -94.2522201538086, -94.9124526977539, -94.13096618652344, -95.23429107666016, -94.37360382080078, -94.88079071044922, -93.98420715332031, -95.28394317626953, -94.33717346191406, -95.78234100341797, -94.75789642333984, -95.7765121459961, -95.2051773071289, -95.75658416748047, -95.1871566772461, -96.11453247070312, -95.50151062011719, -96.18880462646484, -95.48069763183594, -96.4913101196289, -95.70042419433594, -96.54829406738281, -95.53326416015625, -97.03628540039062, -96.14356231689453, -97.35105895996094, -96.43014526367188, -97.26113891601562, -96.6456527709961, -97.54914093017578, -97.15435791015625, -98.20805358886719, -97.63898468017578, -98.12281036376953, -97.56473541259766, -98.38448333740234, -97.7630844116211, -98.97979736328125, -98.29910278320312, -99.03413391113281, -98.30522155761719, -99.53325653076172, -99.01972961425781, -99.35977172851562, -99.02019500732422, -99.81452941894531, -99.35403442382812, -99.933837890625, -99.28044891357422, -100.0628433227539, -99.6037826538086, -100.517822265625, -100.11546325683594, -100.539306640625, -99.90774536132812, -100.70708465576172, -100.04973602294922, -100.76426696777344, -100.32817840576172, -100.29973602294922, -100.0395278930664, -100.59555053710938, -100.27217102050781, -100.38899993896484, -100.08840942382812, -100.3916015625, -99.86103820800781, -100.32943725585938, -99.8093032836914, -100.22071838378906, -99.62084197998047, -100.22459411621094, -99.39983367919922, -100.12277221679688, -99.67044830322266, -100.0252456665039, -99.6651382446289, -99.66449737548828, -99.14916229248047, -99.8024673461914, -99.28366088867188, -99.52967834472656, -98.89646911621094, -99.31359100341797, -98.6412582397461, -99.25917053222656, -98.51445007324219, -99.40434265136719, -98.7672348022461, -99.13140869140625, -98.6588134765625, -99.03823852539062, -98.67048645019531, -98.96802520751953, -98.50827026367188, -98.8019790649414, -98.1002426147461, -98.80980682373047, -98.11422729492188, -98.76380157470703, -98.21033477783203, -99.07424926757812, -98.33879089355469, -98.93985748291016, -98.2145004272461, -98.68865966796875, -98.20892333984375, -98.89229583740234, -98.46221160888672, -98.79212188720703, -98.12492370605469, -99.04708099365234, -98.36902618408203, -98.8269271850586, -98.24003601074219, -98.86131286621094, -98.11608123779297, -98.6933364868164, -97.93099212646484, -99.20105743408203, -98.53645324707031, -99.0777816772461, -98.59329223632812, -98.98080444335938, -98.49950408935547, -99.35137176513672, -98.8224868774414, -99.09553527832031, -98.39080810546875, -98.97933959960938, -98.4413833618164, -99.27120971679688, -98.44066619873047, -99.39643096923828, -98.65907287597656, -99.18865966796875, -98.65514373779297, -99.22002410888672, -98.76332092285156, -99.12577056884766, -98.67684936523438, -98.99169158935547, -98.4556884765625, -98.81137084960938, -98.17779541015625, -98.7437973022461, -98.15222930908203, -99.05341339111328, -98.26902770996094, -98.71418762207031, -97.86468505859375, -98.56472778320312, -98.07073974609375, -97.92518615722656, -97.38623809814453, -98.15750885009766, -97.64580535888672, -97.91152954101562, -97.279052734375, -97.61907958984375, -96.81879425048828, -97.91490173339844, -97.06998443603516, -96.7696533203125, -95.73651885986328, -97.09363555908203, -96.21813201904297, -96.73458862304688, -96.24192810058594, -96.26980590820312, -95.81761932373047, -95.91639709472656, -95.24820709228516, -95.89205932617188, -95.14818572998047, -95.72441101074219, -94.86551666259766, -95.05325317382812, -93.98978424072266, -95.1064682006836, -94.03129577636719, -94.92696380615234, -93.87100219726562, -94.18896484375, -93.60672760009766, -93.70862579345703, -93.08594512939453, -93.73233032226562, -93.01126098632812, -93.42772674560547, -92.49966430664062, -93.20805358886719, -92.2174301147461, -92.76229095458984, -91.6186294555664, -92.52971649169922, -91.44283294677734, -92.37982940673828, -91.6602783203125, -92.07284545898438, -91.43771362304688, -91.91603088378906, -91.15237426757812, -91.34555053710938, -90.49032592773438, -91.4430160522461, -90.52189636230469, -91.25563049316406, -90.1870346069336, -90.75833892822266, -89.62919616699219, -90.79368591308594, -89.540771484375, -90.64740753173828, -89.9104232788086, -89.89491271972656, -89.24846649169922, -89.90526580810547, -89.16793060302734, -90.26930236816406, -89.37226104736328, -89.67007446289062, -88.72701263427734, -90.02342987060547, -88.91021728515625, -89.94867706298828, -88.73285675048828, -89.39932250976562, -88.29779815673828, -89.06747436523438, -88.49165344238281, -89.14424896240234, -88.4229736328125, -88.55268096923828, -87.714111328125, -88.40989685058594, -87.51901245117188, -88.91899108886719, -87.9145736694336, -88.69650268554688, -87.58381652832031, -88.95184326171875, -87.80197143554688, -88.41752624511719, -87.24445343017578, -88.10294342041016, -87.50580596923828, -88.58558654785156, -87.89535522460938, -88.42906951904297, -87.59822082519531, -88.12059020996094, -87.17839813232422, -88.36465454101562, -87.33586883544922, -88.18869018554688, -87.07118225097656, -88.45404815673828, -87.1933364868164, -100.08849334716797, -101.83647918701172, -88.14042663574219, -87.40044403076172, -88.58785247802734, -87.89051055908203, -88.55015563964844, -87.7203369140625, -88.0414047241211, -87.0428695678711, -88.57051849365234, -87.51214599609375, -88.42230224609375, -87.26805114746094, -88.67666625976562, -87.39559936523438, -88.04496765136719, -87.3112564086914, -88.2196273803711, -87.52904510498047, -88.29703521728516, -87.55754089355469, -88.70357513427734, -87.84407806396484, -88.69861602783203, -87.70308685302734, -89.19231414794922, -88.13301849365234, -88.9859390258789, -87.78248596191406, -89.06028747558594, -87.748291015625, -88.6784896850586, -87.97210693359375, -88.89263153076172, -88.20117950439453, -89.07222747802734, -88.28430938720703, -89.12972259521484, -88.25050354003906, -89.59496307373047, -88.61299133300781, -89.41935729980469, -88.3663558959961, -90.10693359375, -88.88117218017578, -89.80703735351562, -88.72030639648438, -89.57331848144531, -88.99189758300781, -90.17440032958984, -89.46798706054688, -89.76892852783203, -88.96382904052734, -89.98387908935547, -89.04259490966797, -90.62232971191406, -89.60889434814453, -90.97030639648438, -89.83981323242188, -91.0678939819336, -89.81846618652344, -91.62006378173828, -90.53814697265625, -91.1476058959961, -90.53147888183594, -91.66375732421875, -91.00011444091797, -91.71128845214844, -90.88470458984375, -92.04170227050781, -91.16645050048828, -92.08206176757812, -91.12023162841797, -92.54232788085938, -91.3992691040039, -93.23072052001953, -92.00739288330078, -93.07719421386719, -92.34354400634766, -93.14051818847656, -92.5540771484375, -94.01087188720703, -93.34305572509766, -93.85396575927734, -93.09022521972656, -94.68606567382812, -93.89836883544922, -94.80965423583984, -93.98623657226562, -95.40360260009766, -94.39057159423828, -95.71467590332031, -94.71351623535156, -96.42569732666016, -95.82524108886719, -96.37747955322266, -95.81513214111328, -96.87269592285156, -96.2640609741211, -97.45475769042969, -96.77776336669922, -98.23770141601562, -97.48786926269531, -98.59314727783203, -97.84416198730469, -99.3575668334961, -98.63658142089844, -99.76533508300781, -99.06266021728516, -100.0450668334961, -99.6396484375, -100.5119857788086, -100.34890747070312, -101.33316040039062, -101.037109375, -101.87486267089844, -101.68074035644531, -102.25298309326172, -101.81173706054688, -102.32237243652344, -102.2257080078125, -102.71460723876953, -102.48133087158203, -102.8282470703125, -102.72682189941406, -102.73381042480469, -102.4491195678711, -102.771484375, -102.75941467285156, -102.24150848388672, -101.77938842773438, -101.8375015258789, -101.71614074707031, -101.35311889648438, -100.83524322509766, -100.92212677001953, -100.53524017333984, -100.68347930908203, -100.14717864990234, -99.87115478515625, -99.47441864013672, -99.297607421875, -98.83280944824219, -98.85295104980469, -98.37806701660156, -98.54896545410156, -97.78898620605469, -98.07087707519531, -97.3204116821289, -97.39032745361328, -96.54398345947266, -97.0307846069336, -96.14945983886719, -96.8072280883789, -95.77462768554688, -96.24317932128906, -95.4641342163086, -95.65980529785156, -95.10285186767578, -95.36953735351562, -94.63775634765625, -94.80058288574219, -93.93256378173828, -94.52781677246094, -93.64456176757812, -94.36825561523438, -93.44662475585938, -94.02863311767578, -92.89032745361328, -93.5147476196289, -92.46441650390625, -93.0362319946289, -92.54346466064453, -93.23523712158203, -92.49131774902344, -92.20022583007812, -91.3903579711914, -91.94476318359375, -91.09367370605469, -91.78075408935547, -90.82819366455078, -92.04100036621094, -90.97063446044922, -91.5303726196289, -90.29400634765625, -91.26606750488281, -90.13067626953125, -90.8819580078125, -90.36383056640625, -90.69419860839844, -89.98062896728516, -90.84445190429688, -89.97377014160156, -90.75971984863281, -89.88590240478516, -90.07527923583984, -89.06956481933594, -90.30274200439453, -89.17662048339844, -89.96723937988281, -88.76101684570312, -89.93516540527344, -89.2127914428711, -89.12029266357422, -88.5118179321289, -89.1555404663086, -88.36865997314453, -89.07322692871094, -88.19064331054688, -89.06566619873047, -88.1380615234375, -89.14262390136719, -88.0246353149414, -89.09622192382812, -87.87400817871094, -88.8120346069336, -87.52325439453125, -88.61636352539062, -87.8220443725586, -88.1620864868164, -87.46329498291016, -88.46343231201172, -87.68238067626953, -88.54475402832031, -87.67715454101562, -88.24844360351562, -87.22714233398438, -88.51841735839844, -87.37844848632812, -88.29991912841797, -87.10992431640625, -88.293701171875, -87.19000244140625, -88.16883850097656, -87.56986236572266, -87.81365203857422, -87.0992431640625, -88.05472564697266, -87.27091217041016, -87.68681335449219, -86.7603530883789, -88.15316009521484, -87.10661315917969, -87.7403335571289, -86.56605529785156, -87.65805053710938, -86.4179916381836, -88.165771484375, -87.0394287109375, -87.50728607177734, -86.81388092041016, -87.35308837890625, -86.61429595947266, -87.28797149658203, -86.42121124267578, -87.48270416259766, -86.5335693359375, -87.16749572753906, -86.06831359863281, -87.5739517211914, -86.44552612304688, -87.53853607177734, -86.27538299560547, -87.0696792602539, -86.28443908691406, -87.06893157958984, -86.41743469238281, -86.97222137451172, -86.2191390991211, -87.17447662353516, -86.29594421386719, -87.1102294921875, -86.13433074951172, -86.95247650146484, -85.84416198730469, -87.30075073242188, -86.08099365234375, -87.02584838867188, -85.72132110595703, -86.79551696777344, -86.06519317626953, -86.62384033203125, -85.8973617553711, -86.69464111328125, -85.88845825195312, -86.80673217773438, -85.89278411865234, -86.71652221679688, -85.71051025390625, -87.22998046875, -86.13829040527344, -86.99446868896484, -85.78919982910156, -87.22181701660156, -86.0726318359375, -86.85566711425781, -86.2228012084961, -86.68859100341797, -85.98026275634766, -86.6041488647461, -85.76303100585938, -86.5936508178711, -85.6229019165039, -86.754150390625, -85.73639678955078, -86.83343505859375, -85.6775131225586, -86.80451965332031, -85.5640869140625, -86.76860046386719, -85.60794830322266, -86.48492431640625, -85.84746551513672, -86.6079330444336, -85.85302734375, -86.66239929199219, -85.81988525390625, -86.78691101074219, -85.84436798095703, -87.07658386230469, -86.02433776855469, -86.97846221923828, -85.82500457763672, -86.890869140625, -85.62110137939453, -86.83610534667969, -86.10128021240234, -86.7785873413086, -86.12366485595703, -86.91488647460938, -86.13758850097656, -86.72561645507812, -85.84024810791016, -87.20659637451172, -86.27830505371094, -87.38639831542969, -86.27899932861328, -87.59357452392578, -86.40083312988281, -87.56993865966797, -86.24640655517578, -87.53102111816406, -86.7579574584961, -87.40145874023438, -86.73017120361328, -87.59151458740234, -86.77101135253906, -87.82844543457031, -86.9372787475586, -87.68759155273438, -86.67362213134766, -87.87258911132812, -86.75997161865234, -87.95083618164062, -86.7088851928711, -87.98983001708984, -86.8729019165039, -87.71637725830078, -87.1211929321289, -88.121337890625, -87.40253448486328, -88.21611022949219, -87.37654876708984, -88.56636047363281, -87.63947296142578, -88.79606628417969, -87.783935546875, -88.69548797607422, -87.52483367919922, -89.06434631347656, -87.89601135253906, -89.05943298339844, -87.90486907958984, -88.66807556152344, -88.0344467163086, -89.38936614990234, -88.67088317871094, -89.11434173583984, -88.24881744384766, -89.42010498046875, -88.48633575439453, -89.1698989868164, -88.09579467773438, -89.45806884765625, -88.35810089111328, -89.44599151611328, -88.19355773925781, -89.35271453857422, -88.62596130371094, -89.27555084228516, -88.62322235107422, -89.27535247802734, -88.48709106445312, -89.3321533203125, -88.53336334228516, -89.57130432128906, -88.60975646972656, -89.90656280517578, -88.85799407958984, -89.485595703125, -88.24752044677734, -89.80037689208984, -88.5284194946289, -89.06812286376953, -88.29659271240234, -89.0389404296875, -88.36882781982422, -89.2855224609375, -88.47584533691406, -89.45357513427734, -88.5533447265625, -89.22342681884766, -88.26910400390625, -89.17894744873047, -88.09015655517578, -89.29907989501953, -88.10671997070312, -89.19497680664062, -88.01917266845703, -88.73683166503906, -88.13880920410156, -88.8991470336914, -88.18305206298828, -88.8907699584961, -88.12076568603516, -89.0466537475586, -88.14889526367188, -88.8429183959961, -87.81210327148438, -88.8737564086914, -87.77200317382812, -89.15911865234375, -87.95259094238281, -89.0899658203125, -87.96260833740234, -88.590576171875, -87.96671295166016, -88.5802230834961, -87.82563018798828, -88.59993743896484, -87.75009155273438, -88.41678619384766, -87.42257690429688, -88.8116226196289, -87.80418395996094, -88.945556640625, -87.79661560058594, -88.86467742919922, -87.5977783203125, -88.58049011230469, -87.8229751586914, -88.96063995361328, -88.34517669677734, -88.56610870361328, -87.78845977783203, -88.57633972167969, -87.7154541015625, -88.78965759277344, -87.81021118164062, -88.9671401977539, -87.91777801513672, -89.09966278076172, -87.95216369628906, -88.91426086425781, -87.61902618408203, -88.73287200927734, -87.97954559326172, -88.5657958984375, -87.90990447998047, -88.59716033935547, -87.77810668945312, -89.00023651123047, -88.11954498291016, -88.59204864501953, -87.58731079101562, -88.87106323242188, -87.75492858886719, -88.95774841308594, -87.68994903564453, -89.27522277832031, -88.1373062133789, -88.876953125, -88.26042175292969, -89.04673767089844, -88.35841369628906, -88.994384765625, -88.170654296875, -89.09252166748047, -88.15962982177734, -88.90525817871094, -87.87857818603516, -89.32888793945312, -88.23762512207031, -89.31612396240234, -88.07450866699219, -89.56281280517578, -88.39813995361328, -89.12667846679688, -88.53599548339844, -89.59375762939453, -88.86251068115234, -89.80426025390625, -88.97953033447266, -89.67979431152344, -88.7470703125, -89.72636413574219, -88.68824768066406, -90.09046936035156, -88.96646118164062, -89.99705505371094, -88.74592590332031, -89.89826202392578, -89.1917495727539, -89.83235168457031, -89.16897583007812, -89.75647735595703, -88.95262908935547, -89.92326354980469, -89.13357543945312, -90.0072021484375, -89.04784393310547, -90.11527252197266, -89.04551696777344, -90.3197250366211, -89.19680786132812, -90.44407653808594, -89.17911529541016, -90.31544494628906, -89.59185791015625, -89.96587371826172, -89.27909088134766, -89.97970581054688, -89.22673034667969, -89.6440200805664, -88.75702667236328, -89.85511016845703, -88.84068298339844, -89.94657897949219, -88.8792724609375, -90.13462829589844, -88.93547058105469, -90.1690902709961, -89.09593200683594, -89.75992584228516, -89.1561279296875, -89.89991760253906, -89.18128967285156, -89.70057678222656, -88.86222839355469, -89.5558090209961, -88.66610717773438, -89.94459533691406, -88.95026397705078, -89.3698959350586, -88.23526000976562, -89.54029846191406, -88.33312225341797, -89.21330261230469, -88.01344299316406, -89.17179107666016, -88.5291976928711, -88.7330093383789, -88.00090026855469, -88.60649871826172, -87.7371597290039, -88.4701919555664, -87.5210952758789, -88.78268432617188, -87.77505493164062, -88.931396484375, -87.7847900390625, -88.41509246826172, -87.14909362792969, -88.2207260131836, -87.475830078125, -87.68685913085938, -86.99998474121094, -87.94612884521484, -87.2345962524414, -87.70925903320312, -86.82394409179688, -87.44095611572266, -86.4770278930664, -87.80118560791016, -86.72867584228516, -87.56166076660156, -86.31395721435547, -87.41328430175781, -86.16756439208984, -87.32975006103516, -86.56966400146484, -86.7154312133789, -86.03659057617188, -86.93128967285156, -86.11785888671875, -86.6351089477539, -85.7392578125, -87.01014709472656, -85.98296356201172, -86.84626007080078, -85.72161102294922, -86.31015014648438, -85.0444564819336, -86.57418823242188, -85.4610824584961, -86.43997955322266, -85.84788513183594, -86.14362335205078, -85.39420318603516, -86.1529769897461, -85.3600082397461, -86.2165298461914, -85.28834533691406, -85.99826049804688, -84.8930435180664, -85.9874496459961, -84.84500885009766, -85.87940216064453, -84.62190246582031, -86.2358627319336, -85.07698059082031, -85.64903259277344, -85.02312469482422, -85.77347564697266, -85.0325927734375, -85.65606689453125, -84.77457427978516, -85.84577941894531, -84.8874740600586, -85.9339828491211, -84.8213119506836, -85.89793395996094, -84.72926330566406, -85.94561767578125, -84.66402435302734, -85.3702392578125, -84.586669921875, -85.56358337402344, -84.91410827636719, -85.77810668945312, -84.9797134399414, -85.56270599365234, -84.6519775390625, -85.83501434326172, -84.84025573730469, -85.72860717773438, -84.66497802734375, -86.15332794189453, -84.94082641601562, -85.92280578613281, -84.6165542602539, -86.07505798339844, -85.32078552246094, -85.83606719970703, -85.14372253417969, -86.1617660522461, -85.38265228271484, -86.20895385742188, -85.2925796508789, -86.01806640625, -85.01370239257812, -86.3314208984375, -85.20941162109375, -86.38182830810547, -85.142333984375, -86.84581756591797, -85.72688293457031, -86.05889129638672, -85.40760040283203, -86.32423400878906, -85.6144790649414, -86.56884002685547, -85.7472915649414, -86.82154846191406, -85.897705078125, -86.7540283203125, -85.6881332397461, -87.17764282226562, -86.0323257446289, -87.16291046142578, -85.92518615722656, -87.32721710205078, -86.12129211425781, -86.89694213867188, -86.25293731689453, -86.9259262084961, -86.22984313964844, -87.2022705078125, -86.37218475341797, -87.4569320678711, -86.51704406738281, -87.95846557617188, -86.9580307006836, -87.84062957763672, -86.67106628417969, -87.95962524414062, -86.67899322509766, -87.96683502197266, -87.21215057373047, -87.90226745605469, -87.23602294921875, -87.8806381225586, -87.06935119628906, -88.33061981201172, -87.47502136230469, -88.37745666503906, -87.36775207519531, -88.89764404296875, -87.84170532226562, -88.93208312988281, -87.75336456298828, -89.00028228759766, -87.73403930664062, -89.3525619506836, -88.6291275024414, -89.28081512451172, -88.53763580322266, -89.52989196777344, -88.78276062011719, -89.58906555175781, -88.68922424316406, -90.18695068359375, -89.1747055053711, -90.41912841796875, -89.34686279296875, -90.68436431884766, -89.47004699707031, -90.8902587890625, -89.78443145751953, -90.88655090332031, -90.32538604736328, -91.06108856201172, -90.3458023071289, -91.27509307861328, -90.51919555664062, -91.64290618896484, -90.76786041259766, -91.96150207519531, -90.96690368652344, -92.15969848632812, -91.14447021484375, -92.25799560546875, -91.12269592285156, -92.72138214111328, -91.72981262207031, -92.45600128173828, -91.79761505126953, -92.36927795410156, -91.74422454833984, -92.66803741455078, -91.85454559326172, -92.79839324951172, -91.93012237548828, -93.16073608398438, -92.15107727050781, -92.92964935302734, -91.84064483642578, -93.2464828491211, -92.06058502197266, -92.96852111816406, -92.30253601074219, -92.91427612304688, -92.3245620727539, -92.99909210205078, -92.25337219238281, -92.8368148803711, -92.07276153564453, -92.88679504394531, -92.00106811523438, -92.77403259277344, -91.68730926513672, -92.5394058227539, -91.44905853271484, -92.76751708984375, -91.49785614013672, -92.53781127929688, -91.82649993896484, -92.02458953857422, -91.36779022216797, -92.00096893310547, -91.19221496582031, -91.72026824951172, -90.88581085205078, -91.85701751708984, -90.89977264404297, -91.61046600341797, -90.58978271484375, -91.5380630493164, -90.3800277709961, -91.06029510498047, -89.96383666992188, -90.89159393310547, -90.30164337158203, -90.94943237304688, -90.22601318359375, -90.51407623291016, -89.70223999023438, -90.4654769897461, -89.57530212402344, -90.58855438232422, -89.64722442626953, -101.28617858886719, -102.83812713623047, -103.1029052734375, -103.2441177368164, -102.9682388305664, -103.13672637939453, -103.28256225585938, -103.15589904785156, -103.2013931274414, -102.98441314697266, -103.03287506103516, -103.00231170654297, -102.83602142333984, -102.95996856689453, -103.23857116699219, -103.06261444091797, -103.07257080078125, -103.13749694824219, -103.25373077392578, -103.27452087402344, -103.03251647949219, -102.82907104492188, -102.85684204101562, -102.80574798583984, -103.24027252197266, -103.20590209960938, -102.9035873413086, -102.74578094482422, -103.27239227294922, -103.07202911376953, -102.8561782836914, -103.04236602783203, -103.24703216552734, -103.23916625976562, -103.09834289550781, -102.8050308227539, -102.96949768066406, -102.87323760986328, -102.95926666259766, -103.04502868652344, -103.05924224853516, -103.27000427246094, -103.0875473022461, -103.14631652832031, -103.15916442871094, -103.12066650390625, -103.18963623046875, -103.1502456665039, -103.01777648925781, -103.2774887084961, -103.30715942382812, -103.14313507080078, -102.8990478515625, -102.95297241210938, -102.87320709228516, -102.96456146240234, -103.05535888671875, -103.05179595947266, -103.08218383789062, -103.0731430053711, -102.97715759277344, -102.7848892211914, -102.97599792480469, -103.00021362304688, -103.1391372680664, -103.07376098632812, -102.98834991455078, -103.02967071533203, -102.97452545166016, -102.90290832519531, -102.90864562988281, -103.27363586425781, -103.24090576171875, -102.97109985351562, -102.9556884765625, -102.99967193603516, -103.1036148071289, -103.18449401855469, -103.21366882324219, -103.18515014648438, -103.1109619140625, -102.83834838867188, -103.04524993896484, -103.1290283203125, -103.10755920410156, -103.08521270751953, -103.06537628173828, -103.09321594238281, -103.10469055175781, -103.1458511352539, -103.38484954833984, -103.11680603027344, -102.98587799072266, -103.10774230957031, -103.0821533203125, -103.01497650146484, -102.94548797607422, -103.10022735595703, -103.17298126220703, -102.96310424804688, -102.93460845947266, -102.99407196044922, -103.2425537109375, -103.08866119384766, -102.9554443359375, -102.89827728271484, -103.02911376953125, -103.06285095214844, -103.11455535888672, -103.1080093383789, -103.0618896484375, -102.99988555908203, -103.04320526123047, -103.03453063964844, -103.22799682617188, -103.09144592285156, -103.13168334960938, -103.0467300415039, -103.16716766357422, -103.23583221435547, -103.0009994506836, -103.17268371582031, -103.39517974853516, -103.06062316894531, -102.86299133300781, -102.97491455078125, -103.04348754882812, -103.15660858154297, -102.99614715576172, -103.10476684570312, -103.08715057373047, -103.11331176757812, -103.11055755615234, -103.05963897705078, -102.93673706054688, -103.03155517578125, -103.196044921875, -102.9454345703125, -102.83172607421875, -102.90495300292969, -102.98467254638672, -103.06844329833984, -103.20759582519531, -103.0339126586914, -103.21419525146484, -103.06423950195312, -103.03304290771484, -103.05754089355469, -102.93389129638672, -102.8606948852539, -103.11101531982422, -103.35502624511719, -103.19585418701172, -103.1350326538086, -103.30474853515625, -103.0963134765625, -103.03751373291016, -103.14171600341797, -103.04196166992188, -102.94581604003906, -103.0966567993164, -103.07859802246094, -103.07022094726562, -103.12781524658203, -102.93299865722656, -103.0835189819336, -103.04596710205078, -103.08546447753906, -103.03254699707031, -103.10826873779297, -103.30635833740234, -103.44298553466797, -103.43997955322266, -103.20429229736328, -103.16573333740234, -103.18681335449219, -102.89569854736328, -102.94540405273438, -103.12994384765625, -103.41783142089844, -103.3733901977539, -103.40864562988281, -103.22896575927734, -103.2282943725586, -103.17893981933594, -103.28872680664062, -103.27355194091797, -103.18627166748047, -103.08715057373047, -103.06053161621094, -103.06620788574219, -102.89459991455078, -103.23114776611328, -103.23664093017578, -103.0557632446289, -103.06421661376953, -103.03469848632812, -103.03488159179688, -102.91280364990234, -103.0489273071289, -103.09514617919922, -103.15074920654297, -103.09960174560547, -102.95269775390625, -103.17647552490234, -102.86279296875, -102.84352111816406, -103.02899169921875, -103.0809097290039, -103.00172424316406, -103.0278549194336, -103.17794799804688, -103.09590148925781, -102.9217529296875, -103.1908187866211, -103.27216339111328, -103.23450469970703, -103.18186950683594, -103.06427764892578, -103.01435089111328, -102.9478759765625, -103.05830383300781, -103.12632751464844];
200014;0x631c631c631c631c631c631c631c631c631c631c631c631c631c631c631c631c;-91.05261817355562;-71.05198455669904;21.03453827490834;3.55;3.98;4.44668888888889;1.31;3.283611111111111;7.02;[-102.86844635009766, -102.78895568847656, -102.87571716308594, -103.21843719482422, -103.1845703125, -102.65016174316406, -102.65271759033203, -102.83155059814453, -102.84085845947266, -102.83248138427734, -103.02259063720703, -102.99209594726562, -102.84700012207031, -102.74418640136719, -102.74647521972656, -102.83405303955078, -102.99388122558594, -102.89200592041016, -102.9014892578125, -102.86894989013672, -102.98271179199219, -102.72044372558594, -102.57511901855469, -102.57352447509766, -102.52437591552734, -102.70992279052734, -102.82601165771484, -102.89450073242188, -103.04754638671875, -102.78002166748047, -102.89584350585938, -102.74324798583984, -102.55818939208984, -102.8089828491211, -102.74779510498047, -102.7029800415039, -102.73091125488281, -102.85486602783203, -103.07061767578125, -103.00235748291016, -102.81959533691406, -102.74700164794922, -102.77914428710938, -102.96656036376953, -102.86616516113281, -102.87788391113281, -102.98948669433594, -102.98688507080078, -102.79960632324219, -102.93099975585938, -102.82892608642578, -102.78730010986328, -102.8538818359375, -102.86075592041016, -102.64337158203125, -102.80168151855469, -102.59264373779297, -102.6229248046875, -102.4658203125, -102.56372833251953, -102.65376281738281, -102.71942901611328, -102.7806167602539, -102.53936767578125, -102.38106536865234, -102.86608123779297, -102.98163604736328, -102.77973937988281, -102.63414764404297, -102.88004302978516, -102.60752868652344, -102.8510513305664, -102.86700439453125, -102.6799545288086, -102.61742401123047, -102.62643432617188, -102.70895385742188, -102.9192123413086, -103.07876586914062, -103.08878326416016, -102.82167053222656, -102.78865051269531, -102.76283264160156, -102.82440948486328, -102.72583770751953, -102.76573181152344, -102.84033203125, -103.2135009765625, -102.87897491455078, -102.85277557373047, -102.84001922607422, -102.776611328125, -102.76392364501953, -102.75536346435547, -102.73636627197266, -102.63616943359375, -103.00387573242188, -102.94099426269531, -102.82484436035156, -102.84132385253906, -102.78968048095703, -102.8356704711914, -102.87022399902344, -102.81749725341797, -102.88294982910156, -103.01190948486328, -102.77288055419922, -102.62081909179688, -102.71198272705078, -102.71376037597656, -102.68907165527344, -102.58263397216797, -102.5475845336914, -102.85165405273438, -102.86967468261719, -102.86967468261719, -102.934814453125, -102.7361831665039, -103.00647735595703, -102.985107421875, -102.74208068847656, -102.74884033203125, -102.75772857666016, -102.87671661376953, -103.00452423095703, -103.10043334960938, -103.06705474853516, -103.09675598144531, -102.91964721679688, -102.95746612548828, -102.96662139892578, -102.97924041748047, -102.79635620117188, -102.77932739257812, -103.02269744873047, -103.05631256103516, -103.00386047363281, -102.84820556640625, -102.83194732666016, -102.96196746826172, -103.08029174804688, -102.93572998046875, -102.8013687133789, -102.87808990478516, -102.9459228515625, -102.8310317993164, -102.81196594238281, -102.89574432373047, -102.88433074951172, -103.09188842773438, -102.91693115234375, -102.75672912597656, -102.78900909423828, -103.00377655029297, -102.74748992919922, -102.85807800292969, -102.91617584228516, -102.8893051147461, -102.82182312011719, -102.71156311035156, -102.87608337402344, -102.8477554321289, -102.79536437988281, -103.11576843261719, -102.93699645996094, -102.72889709472656, -102.8416748046875, -103.15596008300781, -103.03363800048828, -102.91011047363281, -103.03844451904297, -102.94876098632812, -102.94607543945312, -102.81018829345703, -103.03233337402344, -102.96448516845703, -102.68206787109375, -102.68862915039062, -102.81700134277344, -102.92486572265625, -102.76885986328125, -102.906494140625, -102.87544250488281, -103.07124328613281, -102.9319839477539, -102.9387435913086, -103.21305084228516, -103.0545654296875, -103.04719543457031, -103.07984924316406, -102.89242553710938, -102.8330078125, -102.82247161865234, -102.91677856445312, -102.77777099609375, -102.92163848876953, -102.83759307861328, -102.92137908935547, -102.84276580810547, -102.99980926513672, -102.8927230834961, -102.87324523925781, -103.02579498291016, -103.17041778564453, -103.01353454589844, -102.989501953125, -102.98416900634766, -102.87974548339844, -102.8314208984375, -102.53860473632812, -102.78746032714844, -102.99976348876953, -102.93270111083984, -102.83600616455078, -102.84120178222656, -102.90831756591797, -102.91474151611328, -102.84379577636719, -102.76398468017578, -102.68141174316406, -102.79375457763672, -103.0755386352539, -102.56908416748047, -92.00521087646484, -91.04271697998047, -92.4559097290039, -91.50558471679688, -92.54660034179688, -91.52005004882812, -92.11955261230469, -91.03040313720703, -91.81776428222656, -90.64169311523438, -91.66098022460938, -90.93010711669922, -91.72943115234375, -91.10962677001953, -91.82621765136719, -91.11524963378906, -91.8183822631836, -90.9925537109375, -91.62825012207031, -90.72137451171875, -91.61690521240234, -90.58954620361328, -91.7564697265625, -90.6608657836914, -91.84675598144531, -90.7571792602539, -90.95882415771484, -90.39251708984375, -90.94346618652344, -90.2789077758789, -90.87594604492188, -90.15895080566406, -90.58877563476562, -89.67547607421875, -90.68268585205078, -89.68885040283203, -90.72245025634766, -89.64070892333984, -90.95074462890625, -89.77464294433594, -90.82881927490234, -89.7411117553711, -90.4627914428711, -89.86761474609375, -90.27253723144531, -89.62113952636719, -90.64179992675781, -89.86607360839844, -90.00633239746094, -89.07572174072266, -90.2171401977539, -89.18450927734375, -90.47761535644531, -89.30786895751953, -90.1513671875, -88.92694854736328, -90.24715423583984, -89.54969787597656, -89.67633819580078, -89.09343719482422, -89.8648452758789, -89.11101531982422, -89.89820098876953, -89.07672119140625, -89.87181854248047, -88.91677856445312, -89.78152465820312, -88.77698516845703, -89.57331848144531, -88.402099609375, -89.8982925415039, -88.66889953613281, -89.63773345947266, -88.93206787109375, -89.32542419433594, -88.68771362304688, -89.17289733886719, -88.39973449707031, -88.94499206542969, -88.06905364990234, -89.1288070678711, -88.1199722290039, -89.22911071777344, -88.20060729980469, -89.37665557861328, -88.18313598632812, -89.07018280029297, -87.9306411743164, -88.75304412841797, -88.1540756225586, -88.63735961914062, -87.93473815917969, -88.61882019042969, -87.7961654663086, -88.67137908935547, -87.77828979492188, -88.5548324584961, -87.53453826904297, -88.23374938964844, -87.1185531616211, -88.19529724121094, -86.94373321533203, -88.42549133300781, -87.29145050048828, -88.04145812988281, -87.43649291992188, -87.88211822509766, -87.16521453857422, -87.99198913574219, -87.18364715576172, -88.10470581054688, -87.13166809082031, -87.79851531982422, -86.7555923461914, -87.77674102783203, -86.63426971435547, -87.93818664550781, -86.7198257446289, -87.31270599365234, -86.52574920654297, -87.1625747680664, -86.53194427490234, -87.33618927001953, -86.59223175048828, -87.2998046875, -86.45709228515625, -87.42769622802734, -86.45166015625, -87.51425170898438, -86.43070983886719, -87.21019744873047, -86.0558090209961, -87.22956085205078, -85.94489288330078, -87.26612854003906, -86.49117279052734, -87.00364685058594, -86.34308624267578, -86.85176849365234, -86.03997802734375, -87.1712646484375, -86.31238555908203, -87.01939392089844, -86.00132751464844, -86.94344329833984, -85.8531723022461, -87.08432006835938, -85.87041473388672, -87.50495910644531, -86.38619232177734, -86.82034301757812, -86.23632049560547, -86.74633026123047, -86.0374755859375, -87.11968994140625, -86.35557556152344, -87.2558364868164, -86.28302001953125, -87.21117401123047, -86.22080993652344, -87.1688461303711, -86.02532958984375, -87.42350769042969, -86.24810791015625, -87.65994262695312, -86.5728988647461, -87.08894348144531, -86.47586822509766, -87.22909545898438, -86.49191284179688, -87.52452087402344, -86.70368957519531, -87.60836791992188, -86.66015625, -87.6659164428711, -86.6342544555664, -87.82305908203125, -86.65792083740234, -88.09761810302734, -86.87564086914062, -88.08782196044922, -87.34415435791016, -87.88895416259766, -87.25796508789062, -88.05316925048828, -87.31026458740234, -88.15763092041016, -87.32426452636719, -88.33430480957031, -87.3515625, -88.52516174316406, -87.48454284667969, -88.44525146484375, -87.28204345703125, -89.18936920166016, -87.9865493774414, -88.90007019042969, -88.16610717773438, -88.71044158935547, -88.0279312133789, -89.2248306274414, -88.47714233398438, -89.19786071777344, -88.32731628417969, -89.25016021728516, -88.24111938476562, -89.34507751464844, -88.28226470947266, -89.53556823730469, -88.40132904052734, -89.68024444580078, -88.56632232666016, -89.39060974121094, -88.80477142333984, -89.92257690429688, -89.25871276855469, -89.87393188476562, -89.13702392578125, -90.00688934326172, -89.1148452758789, -90.12027740478516, -89.1749496459961, -90.21578979492188, -89.14879608154297, -90.45600891113281, -89.25602722167969, -90.22379302978516, -89.1119384765625, -90.28531646728516, -89.6670913696289, -90.0018310546875, -89.304443359375, -90.09767150878906, -89.26492309570312, -90.06285095214844, -89.105712890625, -90.28970336914062, -89.36380767822266, -90.59127044677734, -89.50077819824219, -90.25116729736328, -88.99298095703125, -90.12337493896484, -89.43309783935547, -89.98213195800781, -89.28358459472656, -90.12853240966797, -89.48162078857422, -90.2209701538086, -89.37838745117188, -89.83036804199219, -88.8922119140625, -89.92868041992188, -88.84590911865234, -90.0193099975586, -88.84915924072266, -89.92635345458984, -88.7120132446289, -89.48648834228516, -88.75419616699219, -89.61808776855469, -88.9724349975586, -89.92088317871094, -89.1490249633789, -89.24224853515625, -88.36569213867188, -89.73904418945312, -88.78594207763672, -89.69439697265625, -88.62171936035156, -89.81188201904297, -88.65785217285156, -89.7822494506836, -88.65955352783203, -88.97383117675781, -88.3768539428711, -89.57640838623047, -88.9432601928711, -89.37323760986328, -88.56533813476562, -89.3794174194336, -88.45689392089844, -89.44376373291016, -88.44398498535156, -89.56572723388672, -88.49413299560547, -89.63716125488281, -88.43330383300781, -89.57329559326172, -88.49138641357422, -89.51593017578125, -88.85266876220703, -89.37782287597656, -88.65422821044922, -89.63101959228516, -88.84593963623047, -89.8232192993164, -88.90187072753906, -89.4795150756836, -88.37047576904297, -90.05549621582031, -88.91397094726562, -89.80410766601562, -88.5779800415039, -89.64847564697266, -88.9007339477539, -90.02616119384766, -89.41033172607422, -89.89468383789062, -89.18057250976562, -89.7439956665039, -88.90994262695312, -90.33721923828125, -89.41716003417969, -90.49407958984375, -89.4151611328125, -90.50318908691406, -89.3251724243164, -90.3529281616211, -89.11627197265625, -90.69227600097656, -89.9384994506836, -90.61470031738281, -89.93701171875, -90.58316040039062, -89.8513412475586, -91.11222076416016, -90.22206115722656, -90.78217315673828, -89.81462097167969, -91.22299194335938, -90.15660858154297, -91.20166015625, -90.02503967285156, -91.85371398925781, -90.83363342285156, -91.16124725341797, -90.51245880126953, -91.36618041992188, -90.73213958740234, -91.4786148071289, -90.71245574951172, -91.6253433227539, -90.75042724609375, -91.48812866210938, -90.52015686035156, -91.98045349121094, -90.97595977783203, -92.06613159179688, -90.83721160888672, -91.68782806396484, -90.6276626586914, -91.97570037841797, -91.3468017578125, -91.54139709472656, -90.869140625, -91.97488403320312, -91.17445373535156, -91.6156005859375, -90.74597930908203, -91.8156509399414, -90.8539810180664, -92.18284606933594, -91.06319427490234, -92.3411865234375, -91.09909057617188, -91.95911407470703, -91.26298522949219, -91.77071380615234, -91.17292785644531, -91.79194641113281, -91.08173370361328, -91.84735107421875, -90.97699737548828, -92.21958923339844, -91.27753448486328, -92.1083984375, -91.14540100097656, -92.31293487548828, -91.21965026855469, -92.25057220458984, -91.10514068603516, -92.15438079833984, -91.46403503417969, -92.04976654052734, -91.40255737304688, -92.02597045898438, -91.33048248291016, -92.1820068359375, -91.2835922241211, -92.10418701171875, -91.1825180053711, -92.38761901855469, -91.40707397460938, -92.3520736694336, -91.18560028076172, -92.39325714111328, -91.3823013305664, -92.29777526855469, -91.78052520751953, -92.1614990234375, -91.401611328125, -92.4238052368164, -91.69552612304688, -92.24732208251953, -91.39530181884766, -92.48277282714844, -91.4420394897461, -92.58032989501953, -91.56086730957031, -92.42840576171875, -91.27262115478516, -92.6761703491211, -91.5765380859375, -92.20557403564453, -91.6523666381836, -92.43023681640625, -91.81575012207031, -92.59435272216797, -91.81746673583984, -92.54891204833984, -91.60663604736328, -92.4823989868164, -91.50032043457031, -92.51099395751953, -91.41304779052734, -92.7414779663086, -91.62008666992188, -92.98528289794922, -92.28451538085938, -92.6716537475586, -92.02836608886719, -92.73979187011719, -92.1219482421875, -93.04985809326172, -92.32275390625, -93.09779357910156, -92.21900177001953, -92.8125991821289, -91.7823257446289, -93.27156829833984, -92.13859558105469, -93.2267837524414, -91.98812103271484, -93.13298034667969, -92.38915252685547, -93.05282592773438, -92.48297882080078, -93.00952911376953, -92.2426986694336, -93.06688690185547, -92.2527847290039, -93.16764831542969, -92.24345397949219, -93.13823699951172, -92.19444274902344, -93.16287231445312, -92.08186340332031, -93.55976104736328, -92.52420043945312, -93.25872039794922, -92.72964477539062, -93.3724136352539, -92.74483489990234, -93.28084564208984, -92.53142547607422, -93.57130432128906, -92.67667388916016, -93.24813842773438, -92.33992004394531, -93.71436309814453, -92.67012023925781, -93.40448760986328, -92.29686737060547, -93.63755798339844, -92.55558013916016, -92.97713470458984, -92.43714141845703, -93.04228973388672, -92.41283416748047, -93.40267181396484, -92.6301498413086, -92.99762725830078, -92.19645690917969, -93.29337310791016, -92.32991790771484, -93.37030792236328, -92.28491973876953, -93.75286102294922, -92.58343505859375, -93.95010375976562, -93.33663177490234, -93.23802185058594, -92.59685516357422, -93.4054183959961, -92.67832946777344, -93.49446105957031, -92.65629577636719, -93.46190643310547, -92.60448455810547, -93.52870178222656, -92.53753662109375, -93.55403137207031, -92.42626953125, -94.10484313964844, -92.9479751586914, -93.50023651123047, -92.83378601074219, -93.77967834472656, -93.17914581298828, -93.73892974853516, -93.07545471191406, -93.7754898071289, -92.90609741210938, -93.67594146728516, -92.69088745117188, -93.76348114013672, -92.78672790527344, -93.69538879394531, -92.53180694580078, -94.06399536132812, -93.12496185302734, -93.42972564697266, -92.9353256225586, -93.78864288330078, -93.19377899169922, -94.14912414550781, -93.43013763427734, -94.18852233886719, -93.31495666503906, -94.22970581054688, -93.36061096191406, -94.61035919189453, -93.64382934570312, -94.41093444824219, -93.29924011230469, -94.65606689453125, -93.63951873779297, -93.93221282958984, -93.37492370605469, -94.28593444824219, -93.68412780761719, -94.45067596435547, -93.76496124267578, -94.80342102050781, -93.89385986328125, -94.28744506835938, -93.31132507324219, -94.69608306884766, -93.74591064453125, -94.95150756835938, -93.92985534667969, -94.97298431396484, -94.2931137084961, -94.95169067382812, -94.37222290039062, -95.27056121826172, -94.59546661376953, -95.3971176147461, -94.64994812011719, -95.46648406982422, -94.64643859863281, -95.4104995727539, -94.36087799072266, -95.797607421875, -94.85515594482422, -95.93494415283203, -94.86409759521484, -95.92457580566406, -95.26911163330078, -96.16988372802734, -95.59966278076172, -96.60133361816406, -95.98828125, -96.61959838867188, -96.00239562988281, -96.83976745605469, -96.00182342529297, -97.24739074707031, -96.32341766357422, -97.3260269165039, -96.40789794921875, -97.72267150878906, -97.07882690429688, -97.3480453491211, -96.8231201171875, -97.9520263671875, -97.48326873779297, -98.12611389160156, -97.52519989013672, -98.39013671875, -97.92854309082031, -98.75853729248047, -98.261474609375, -99.07984924316406, -98.36386108398438, -99.56674194335938, -98.8035888671875, -99.58099365234375, -98.99732208251953, -99.64351654052734, -99.17472839355469, -99.98143005371094, -99.63127136230469, -100.14198303222656, -99.76277160644531, -100.48326110839844, -100.14601135253906, -100.78376007080078, -100.18832397460938, -100.99457550048828, -100.51657104492188, -101.26925659179688, -100.71099853515625, -101.34439849853516, -101.17164611816406, -101.60004425048828, -101.49800872802734, -101.57854461669922, -101.36820983886719, -101.98188781738281, -101.82130432128906, -102.19510650634766, -101.99174499511719, -102.2450942993164, -101.99200439453125, -102.36707305908203, -102.10912322998047, -102.2024917602539, -102.00374603271484, -102.36116790771484, -102.31427001953125, -102.45879364013672, -102.19157409667969, -102.38969421386719, -102.39314270019531, -102.66219329833984, -102.6935806274414, -102.66854858398438, -102.598388671875, -102.5533676147461, -102.44601440429688, -102.81962585449219, -102.4940185546875, -102.74455261230469, -102.5826187133789, -102.49286651611328, -102.42217254638672, -102.67639923095703, -102.64644622802734, -102.47821807861328, -102.47029113769531, -102.90341186523438, -102.80180358886719, -102.4239501953125, -102.31089782714844, -102.6380844116211, -102.34144592285156, -102.45906066894531, -102.24523162841797, -102.47830200195312, -102.39864349365234, -102.60792541503906, -102.58720397949219, -102.65641784667969, -102.57422637939453, -102.53644561767578, -102.27862548828125, -102.38156127929688, -102.27082061767578, -102.58694458007812, -102.38361358642578, -102.26795196533203, -101.8985595703125, -102.1381607055664, -101.94752502441406, -102.26683044433594, -102.08671569824219, -101.9736328125, -101.78722381591797, -101.92574310302734, -101.66727447509766, -101.63263702392578, -101.39175415039062, -101.3399658203125, -101.33931732177734, -101.3595962524414, -100.85157775878906, -101.07706451416016, -100.63452911376953, -100.88567352294922, -100.40812683105469, -100.69985961914062, -100.30567169189453, -100.13505554199219, -99.77981567382812, -99.88765716552734, -99.6098861694336, -99.75322723388672, -99.12747192382812, -99.33448791503906, -98.75035858154297, -99.48345947265625, -98.72643280029297, -98.68377685546875, -97.74951934814453, -98.61642456054688, -97.88609313964844, -98.2279281616211, -97.82805633544922, -97.93997955322266, -97.47058868408203, -97.61904907226562, -96.87716674804688, -97.40985870361328, -96.77851867675781, -97.30294036865234, -96.61034393310547, -96.75696563720703, -95.81019592285156, -96.75529479980469, -95.755126953125, -96.1959457397461, -95.24308013916016, -95.81976318359375, -95.22847747802734, -95.1831283569336, -94.57085418701172, -95.30956268310547, -94.577880859375, -94.88639831542969, -94.10462951660156, -94.7557373046875, -93.785888671875, -94.40220642089844, -93.41246032714844, -94.3045425415039, -93.21319580078125, -93.87474060058594, -93.25228118896484, -93.55985260009766, -93.00570678710938, -93.45658874511719, -92.78136444091797, -93.03927612304688, -92.21607971191406, -93.14964294433594, -92.26154327392578, -93.01031494140625, -91.96160888671875, -92.48958587646484, -91.40274810791016, -92.46109771728516, -91.26446533203125, -92.27587127685547, -91.61803436279297, -91.68540954589844, -91.0517349243164, -91.75318145751953, -90.99070739746094, -92.09066009521484, -91.31370544433594, -91.50285339355469, -90.4832534790039, -91.60431671142578, -90.62911224365234, -91.73851776123047, -90.53730010986328, -91.26557159423828, -90.2215805053711, -90.86570739746094, -90.32109069824219, -90.95176696777344, -90.2600326538086, -90.3719482421875, -89.5315933227539, -90.25516510009766, -89.45027923583984, -90.774169921875, -89.76005554199219, -90.52104187011719, -89.42169189453125, -90.87651062011719, -89.74710083007812, -90.23332977294922, -89.0962905883789, -89.9828109741211, -89.3840103149414, -90.4267578125, -89.80014038085938, -90.2745132446289, -89.39496612548828, -89.92448425292969, -89.04261016845703, -90.2072525024414, -89.18531036376953, -89.94359588623047, -88.83353424072266, -90.24261474609375, -89.04254913330078, -100.98645782470703, -102.39137268066406, -90.05268859863281, -89.2986068725586, -90.35189819335938, -89.6734848022461, -90.37527465820312, -89.59300231933594, -89.81493377685547, -88.87973022460938, -90.4175796508789, -89.39546203613281, -90.3193130493164, -89.1495132446289, -90.43498992919922, -89.25145721435547, -89.95863342285156, -89.20431518554688, -90.03082275390625, -89.39850616455078, -90.11200714111328, -89.40631866455078, -90.49713897705078, -89.65265655517578, -90.48884582519531, -89.4804916381836, -90.925537109375, -89.91856384277344, -90.71666717529297, -89.47712707519531, -90.77399444580078, -89.5206298828125, -90.52503967285156, -89.80158996582031, -90.61930847167969, -89.96167755126953, -90.75323486328125, -90.01939392089844, -90.82636260986328, -89.96951293945312, -91.29669952392578, -90.3585205078125, -91.17575073242188, -90.07014465332031, -91.81298065185547, -90.61201477050781, -91.45783233642578, -90.34821319580078, -91.29358673095703, -90.67170715332031, -91.6145248413086, -90.94328308105469, -91.32518768310547, -90.53551483154297, -91.67527770996094, -90.78128051757812, -92.15504455566406, -91.15958404541016, -92.50973510742188, -91.47715759277344, -92.46897888183594, -91.22434997558594, -92.99791717529297, -91.92533874511719, -92.57711791992188, -92.04918670654297, -92.99586486816406, -92.26205444335938, -92.96651458740234, -92.17301940917969, -93.19872283935547, -92.35462188720703, -93.42221069335938, -92.4587173461914, -93.7767105102539, -92.71056365966797, -94.29096221923828, -93.15431213378906, -94.06259155273438, -93.357177734375, -94.10108184814453, -93.53836059570312, -94.86318969726562, -94.17803955078125, -94.7251205444336, -93.88520050048828, -95.26111602783203, -94.51756286621094, -95.30359649658203, -94.40149688720703, -95.7542953491211, -94.74736022949219, -96.16560363769531, -95.10643005371094, -96.40369415283203, -95.7320785522461, -96.30484008789062, -95.79188537597656, -96.75984191894531, -96.08892822265625, -96.77375030517578, -96.07787322998047, -97.58141326904297, -96.76408386230469, -97.41755676269531, -96.63340759277344, -97.72249603271484, -96.88899993896484, -98.11272430419922, -97.372314453125, -98.119140625, -97.67097473144531, -98.21617126464844, -97.7121353149414, -98.3714370727539, -97.93557739257812, -98.69174194335938, -98.06718444824219, -98.82481384277344, -97.99170684814453, -98.62228393554688, -97.75361633300781, -98.70502471923828, -97.98031616210938, -98.77129364013672, -98.06644439697266, -98.49205780029297, -98.10498046875, -98.43104553222656, -97.83831787109375, -98.58292388916016, -97.87481689453125, -98.44319152832031, -97.7034912109375, -97.94591522216797, -97.1971435546875, -97.90913391113281, -97.10516357421875, -97.81538391113281, -96.82273864746094, -97.45675659179688, -96.75679779052734, -97.1686782836914, -96.64867401123047, -96.94422912597656, -96.31282043457031, -96.76211547851562, -96.01078796386719, -96.48467254638672, -95.68140411376953, -96.18742370605469, -95.29335021972656, -95.88653564453125, -94.96125793457031, -96.0217514038086, -94.89798736572266, -95.21416473388672, -94.5043716430664, -94.98345184326172, -94.36328125, -94.81562042236328, -94.13732147216797, -94.47622680664062, -93.67391967773438, -94.4768295288086, -93.49856567382812, -94.35509490966797, -93.30514526367188, -94.02555847167969, -92.81730651855469, -93.58476257324219, -92.56365966796875, -93.3331298828125, -92.7299575805664, -93.41039276123047, -92.77855682373047, -92.64230346679688, -91.84593200683594, -92.29348754882812, -91.39990234375, -92.46401977539062, -91.50796508789062, -92.51968383789062, -91.42591094970703, -92.10037994384766, -90.91493225097656, -91.94290924072266, -90.87691497802734, -91.69552612304688, -91.05045318603516, -91.56290435791016, -90.7854232788086, -91.6862564086914, -90.84136962890625, -91.65607452392578, -90.75, -91.0235824584961, -89.97288513183594, -91.23784637451172, -90.14958953857422, -91.01386260986328, -89.71379089355469, -91.01142120361328, -90.26460266113281, -90.1800308227539, -89.54147338867188, -90.26150512695312, -89.52633666992188, -90.21173095703125, -89.3690414428711, -90.27861785888672, -89.35501098632812, -90.38359832763672, -89.34500885009766, -90.44981384277344, -89.27289581298828, -90.06177520751953, -88.7752914428711, -89.89900207519531, -89.15628051757812, -89.40428924560547, -88.76567077636719, -89.75439453125, -88.98595428466797, -89.90103149414062, -89.0547103881836, -89.55797576904297, -88.58369445800781, -89.81409454345703, -88.69175720214844, -89.73529052734375, -88.5124282836914, -89.71418762207031, -88.65860748291016, -89.48005676269531, -88.89771270751953, -89.2684555053711, -88.56524658203125, -89.47481536865234, -88.64028930664062, -89.0245132446289, -88.11608123779297, -89.5099868774414, -88.4905014038086, -89.0595703125, -87.92250061035156, -88.99444580078125, -87.766845703125, -89.65599060058594, -88.49169158935547, -88.77802276611328, -88.12054443359375, -88.6563949584961, -87.92314147949219, -88.68980407714844, -87.83795928955078, -88.84542846679688, -87.90432739257812, -88.55552673339844, -87.45854949951172, -88.91337585449219, -87.78494262695312, -88.8629379272461, -87.5839614868164, -88.39472198486328, -87.66197967529297, -88.4751968383789, -87.78877258300781, -88.39374542236328, -87.60615539550781, -88.53701782226562, -87.65990447998047, -88.47480773925781, -87.46312713623047, -88.27458190917969, -87.19754028320312, -88.70747375488281, -87.52854919433594, -88.52271270751953, -87.268798828125, -88.33592224121094, -87.5394515991211, -88.02332305908203, -87.3398666381836, -88.10577392578125, -87.29783630371094, -88.27870178222656, -87.35559844970703, -88.1761474609375, -87.21022033691406, -88.72782135009766, -87.6153793334961, -88.4257583618164, -87.21222686767578, -88.66504669189453, -87.52619171142578, -88.3807373046875, -87.78591918945312, -88.1268081665039, -87.42643737792969, -88.07781219482422, -87.23189544677734, -88.00801086425781, -87.09379577636719, -88.27427673339844, -87.24060821533203, -88.35829162597656, -87.23883819580078, -88.30529022216797, -87.09626770019531, -88.30387115478516, -87.15897369384766, -88.01199340820312, -87.39059448242188, -88.25374603271484, -87.53741455078125, -88.28587341308594, -87.41761779785156, -88.34396362304688, -87.3976058959961, -88.69044494628906, -87.64727783203125, -88.57943725585938, -87.42460632324219, -88.54833984375, -87.31890106201172, -88.4410400390625, -87.7011489868164, -88.46634674072266, -87.82192993164062, -88.59122467041016, -87.85043334960938, -88.45681762695312, -87.5909194946289, -88.9139404296875, -87.95576477050781, -89.09749603271484, -88.04876708984375, -89.27554321289062, -88.08565521240234, -89.248779296875, -87.95738220214844, -89.2275390625, -88.45500183105469, -89.1079330444336, -88.45759582519531, -89.32344055175781, -88.52531433105469, -89.61483001708984, -88.72660064697266, -89.42623901367188, -88.44601440429688, -89.69519805908203, -88.61215209960938, -89.74820709228516, -88.58255767822266, -89.80242919921875, -88.67343139648438, -89.58910369873047, -88.9766845703125, -90.0176773071289, -89.3263168334961, -90.16175079345703, -89.32032775878906, -90.43255615234375, -89.53777313232422, -90.7855224609375, -89.76494598388672, -90.65787506103516, -89.55914306640625, -91.09749603271484, -89.93148803710938, -91.05641174316406, -89.90792846679688, -90.63343811035156, -90.0781021118164, -91.42980194091797, -90.65140533447266, -91.1900634765625, -90.43474578857422, -91.52880096435547, -90.56732177734375, -91.25871276855469, -90.26883697509766, -91.64217376708984, -90.53849029541016, -91.63663482666016, -90.37503814697266, -91.58332061767578, -90.86071014404297, -91.50365447998047, -90.88109588623047, -91.54503631591797, -90.8281021118164, -91.64336395263672, -90.8238754272461, -91.91056060791016, -90.98534393310547, -92.21327209472656, -91.12806701660156, -91.79621124267578, -90.6049575805664, -92.04695892333984, -90.87911987304688, -91.56333923339844, -90.78292083740234, -91.4368896484375, -90.76097869873047, -91.54349517822266, -90.76749420166016, -91.63373565673828, -90.87548065185547, -91.53720092773438, -90.55370330810547, -91.60181427001953, -90.53882598876953, -91.64622497558594, -90.46465301513672, -91.58851623535156, -90.4735336303711, -91.24791717529297, -90.62234497070312, -91.335693359375, -90.65235137939453, -91.35801696777344, -90.60240936279297, -91.48155212402344, -90.58706665039062, -91.25456237792969, -90.23802947998047, -91.30751037597656, -90.1956558227539, -91.58767700195312, -90.41167449951172, -91.59453582763672, -90.5364990234375, -91.0625991821289, -90.4649658203125, -91.15397644042969, -90.44171142578125, -91.07439422607422, -90.27894592285156, -91.01214599609375, -90.12149810791016, -91.45824432373047, -90.49353790283203, -91.51988220214844, -90.33281707763672, -91.38771057128906, -90.1432113647461, -91.21284484863281, -90.50068664550781, -91.37908935546875, -90.81350708007812, -91.18453979492188, -90.42948150634766, -91.17748260498047, -90.3319091796875, -91.49067687988281, -90.62657165527344, -91.7238540649414, -90.63973999023438, -91.86670684814453, -90.6960220336914, -91.6727523803711, -90.43990325927734, -91.47988891601562, -90.65299987792969, -91.34384155273438, -90.71327209472656, -91.42448425292969, -90.6847915649414, -91.7826156616211, -90.98345184326172, -91.50230407714844, -90.46832275390625, -91.7542724609375, -90.63027954101562, -91.82402038574219, -90.69584655761719, -92.12313842773438, -91.05547332763672, -91.78694915771484, -91.1354751586914, -91.97001647949219, -91.30517578125, -92.0052719116211, -91.22997283935547, -92.1141128540039, -91.24462890625, -92.0594711303711, -91.0752944946289, -92.48746490478516, -91.5010757446289, -92.48960876464844, -91.31757354736328, -92.6217041015625, -91.57333374023438, -92.32244110107422, -91.69525146484375, -92.79740905761719, -92.13333129882812, -93.0905532836914, -92.2403564453125, -92.89952850341797, -92.038330078125, -92.97927856445312, -91.95536804199219, -93.48681640625, -92.43506622314453, -93.41943359375, -92.2150650024414, -93.28152465820312, -92.62220764160156, -93.25199127197266, -92.629638671875, -93.27733612060547, -92.58512878417969, -93.40990447998047, -92.59024810791016, -93.47554779052734, -92.5604248046875, -93.52291870117188, -92.49484252929688, -93.7857437133789, -92.7479019165039, -93.999267578125, -92.83357238769531, -93.7354507446289, -93.05594635009766, -93.47856903076172, -92.86803436279297, -93.4793930053711, -92.74159240722656, -92.98577880859375, -92.15142059326172, -93.28523254394531, -92.37743377685547, -93.20004272460938, -92.14586639404297, -93.37139129638672, -92.3641128540039, -93.4946517944336, -92.34871673583984, -92.9615478515625, -92.41425323486328, -92.92455291748047, -92.26700592041016, -92.76924133300781, -91.9081039428711, -92.62965393066406, -91.7162857055664, -92.84870910644531, -91.90733337402344, -92.21856689453125, -91.13125610351562, -92.32566833496094, -91.1556167602539, -91.87278747558594, -90.78414154052734, -91.78363037109375, -91.20069885253906, -91.35370635986328, -90.58776092529297, -91.09898376464844, -90.33800506591797, -90.9935073852539, -90.09282684326172, -91.24061584472656, -90.24557495117188, -91.33895111083984, -90.20074462890625, -90.80471801757812, -89.54054260253906, -90.56362915039062, -89.86038970947266, -90.05393981933594, -89.32686614990234, -90.17503356933594, -89.39847564697266, -89.92414093017578, -89.07661437988281, -89.67341613769531, -88.74205780029297, -89.89627075195312, -88.831298828125, -89.70867919921875, -88.53992462158203, -89.5479507446289, -88.2409896850586, -89.2869644165039, -88.54887390136719, -88.63605499267578, -87.96156311035156, -88.92684936523438, -88.17452239990234, -88.64198303222656, -87.72900390625, -88.91044616699219, -87.94395446777344, -88.76483917236328, -87.67777252197266, -88.26335906982422, -87.04608154296875, -88.6144790649414, -87.49755859375, -88.32444763183594, -87.66836547851562, -87.99138641357422, -87.25923919677734, -88.08961486816406, -87.26607513427734, -88.08643341064453, -87.14080810546875, -87.91032409667969, -86.8431625366211, -87.8970947265625, -86.75868225097656, -87.75077056884766, -86.48966979980469, -88.06343078613281, -86.98597717285156, -87.47614288330078, -86.82313537597656, -87.61280059814453, -86.87333679199219, -87.56476593017578, -86.69269561767578, -87.72920989990234, -86.76075744628906, -87.79639434814453, -86.72531127929688, -87.766845703125, -86.6339111328125, -87.77422332763672, -86.50511169433594, -87.2270278930664, -86.50581359863281, -87.47161865234375, -86.77629852294922, -87.64859771728516, -86.88739013671875, -87.43905639648438, -86.54338836669922, -87.69013977050781, -86.73625183105469, -87.6527328491211, -86.52339935302734, -87.9737319946289, -86.78762817382812, -87.86080932617188, -86.58739471435547, -88.00940704345703, -87.23077392578125, -87.67090606689453, -87.00163269042969, -88.03853607177734, -87.29072570800781, -88.09817504882812, -87.20204162597656, -87.9815444946289, -86.968505859375, -88.17556762695312, -87.10802459716797, -88.37503814697266, -87.17951202392578, -88.78699493408203, -87.68095397949219, -87.9582748413086, -87.41710662841797, -88.28681945800781, -87.59174346923828, -88.49032592773438, -87.66133117675781, -88.738525390625, -87.85920715332031, -88.73921966552734, -87.71748352050781, -89.19703674316406, -88.0479507446289, -89.15723419189453, -87.99725341796875, -89.35770416259766, -88.24773406982422, -88.97555541992188, -88.32642364501953, -88.99663543701172, -88.2830810546875, -89.37010192871094, -88.58563995361328, -89.62289428710938, -88.674072265625, -90.17626953125, -89.1753158569336, -89.9576644897461, -88.77423858642578, -90.1815414428711, -88.94511413574219, -90.17284393310547, -89.45590209960938, -90.14468383789062, -89.48619079589844, -90.18738555908203, -89.41082000732422, -90.70578002929688, -89.81378936767578, -90.66075897216797, -89.7593002319336, -91.34235382080078, -90.23133087158203, -91.38706970214844, -90.22616577148438, -91.5411376953125, -90.32075500488281, -91.837158203125, -91.10285186767578, -91.83070373535156, -91.20494079589844, -92.28462982177734, -91.54257202148438, -92.24850463867188, -91.43072509765625, -92.87861633300781, -92.0114517211914, -93.3424072265625, -92.31600952148438, -93.65181732177734, -92.55054473876953, -93.88116455078125, -92.79425048828125, -93.92980194091797, -93.5207290649414, -94.22570037841797, -93.51878356933594, -94.52696228027344, -93.84133911132812, -95.01893615722656, -94.24781036376953, -95.36119079589844, -94.61189270019531, -95.9399185180664, -95.07217407226562, -96.25283813476562, -95.11450958251953, -96.70722961425781, -95.92909240722656, -96.7019271850586, -96.23678588867188, -96.81490325927734, -96.3709945678711, -97.20118713378906, -96.51043701171875, -97.49539184570312, -96.80060577392578, -97.69315338134766, -96.96430206298828, -97.70726776123047, -96.822509765625, -97.9760513305664, -97.06107330322266, -97.93364715576172, -97.42210388183594, -97.85748291015625, -97.4238052368164, -97.94921112060547, -97.40630340576172, -97.8313217163086, -97.23234558105469, -97.80244445800781, -97.02865600585938, -97.6499252319336, -96.8235092163086, -97.28766632080078, -96.20883178710938, -97.16162109375, -96.15022277832031, -96.87512969970703, -96.25870513916016, -96.22892761230469, -95.56885528564453, -96.18228149414062, -95.55009460449219, -95.74504852294922, -94.95417785644531, -95.8272476196289, -94.99300384521484, -95.49382781982422, -94.49799346923828, -95.17827606201172, -94.15868377685547, -94.92449951171875, -93.88655853271484, -94.46583557128906, -94.02385711669922, -94.5264663696289, -93.87796783447266, -94.02486419677734, -93.25989532470703, -93.7318344116211, -92.98271179199219, -93.86772918701172, -92.96597290039062, -102.23880004882812, -103.08284759521484, -103.22232818603516, -102.96310424804688, -102.87866973876953, -102.80525207519531, -103.33796691894531, -103.06883239746094, -102.92902374267578, -103.00737762451172, -103.12565612792969, -103.10602569580078, -103.07106018066406, -103.11469268798828, -102.89926147460938, -103.11315155029297, -103.04327392578125, -103.10065460205078, -103.09375, -103.04865264892578, -102.77568054199219, -102.78527069091797, -102.96660614013672, -103.19468688964844, -103.08386993408203, -103.13536834716797, -102.88526916503906, -102.88970947265625, -103.02743530273438, -103.00533294677734, -103.13477325439453, -103.17744445800781, -102.94593048095703, -103.0692367553711, -102.9720230102539, -102.90894317626953, -102.9829330444336, -102.89737701416016, -103.04393768310547, -103.0723648071289, -103.12806701660156, -103.2124252319336, -103.23214721679688, -103.11177825927734, -102.78217315673828, -103.01026153564453, -103.07733154296875, -103.01133728027344, -103.0304183959961, -103.14362335205078, -103.34574127197266, -103.41655731201172, -103.34162139892578, -103.14893341064453, -103.12342834472656, -102.88158416748047, -102.97063446044922, -103.19047546386719, -103.16168975830078, -103.24364471435547, -103.22977447509766, -103.09973907470703, -103.2835693359375, -102.8669204711914, -103.24552154541016, -103.21460723876953, -102.94731140136719, -102.9706802368164, -103.19037628173828, -103.24429321289062, -103.31034851074219, -103.18783569335938, -103.32913970947266, -103.43514251708984, -103.49495697021484, -103.24881744384766, -103.08816528320312, -102.96733093261719, -103.04427337646484, -102.9419937133789, -102.9004135131836, -102.76594543457031, -103.1884536743164, -103.31261444091797, -103.14340209960938, -102.908447265625, -103.11216735839844, -103.2104721069336, -103.02559661865234, -102.97039794921875, -103.04021453857422, -103.11933135986328, -103.00881958007812, -103.19134521484375, -103.09856414794922, -102.94564056396484, -103.06806182861328, -103.08157348632812, -103.14649200439453, -103.00885009765625, -102.97685241699219, -102.9574203491211, -103.28056335449219, -103.07974243164062, -102.99295043945312, -103.14749145507812, -103.32310485839844, -103.1603012084961, -103.2194595336914, -103.09300231933594, -103.08552551269531, -103.2474136352539, -103.18401336669922, -103.09515380859375, -103.00330352783203, -103.03500366210938, -103.01920318603516, -103.15511322021484, -103.32503509521484, -102.98737335205078, -103.01740264892578, -103.36551666259766, -103.22286224365234, -103.05128479003906, -103.27288818359375, -103.17227172851562, -103.08927154541016, -102.9920883178711, -103.18156433105469, -103.11930084228516, -103.05430603027344, -103.15193176269531, -103.21094512939453, -103.18309783935547, -103.10587310791016, -103.34192657470703, -103.38597106933594, -103.18394470214844, -103.0480728149414, -103.15538024902344, -103.32819366455078, -103.18700408935547, -103.12698364257812, -102.98374938964844, -103.0054931640625, -102.99894714355469, -103.1847915649414, -103.18487548828125, -103.05138397216797, -103.33567810058594, -103.20832824707031, -103.20978546142578, -103.11460876464844, -103.13665008544922, -103.1355209350586, -103.0873031616211, -102.99268341064453, -102.82910919189453, -102.9255599975586, -103.03885650634766, -102.90169525146484, -103.11740112304688, -102.96065521240234, -103.3133316040039, -103.28240203857422, -103.36003875732422, -103.31917572021484, -103.28182220458984, -102.994384765625, -102.96471405029297, -102.93888092041016, -102.89278411865234, -102.81694793701172, -102.94850158691406, -103.12931823730469, -103.19002532958984, -103.12677764892578, -103.22621154785156, -103.2322769165039, -103.05973052978516, -103.16507720947266, -103.0302963256836, -102.93355560302734, -103.08240509033203, -103.1509780883789, -103.09347534179688, -103.10272216796875, -103.07198333740234, -103.06932830810547, -103.13247680664062, -103.06919860839844, -103.04846954345703, -103.16680908203125, -103.07064056396484, -103.08411407470703, -102.99732208251953, -103.07305145263672, -102.9737777709961, -103.04276275634766, -103.01923370361328, -102.9942398071289, -103.1838150024414, -102.94180297851562, -103.04727935791016, -103.248291015625, -103.23599243164062, -103.13057708740234, -102.99811553955078, -103.200927734375, -102.91299438476562, -102.93817901611328, -102.94842529296875, -103.04461669921875, -103.2275390625, -103.16111755371094, -103.12410736083984, -103.11488342285156, -103.08587646484375, -102.93572998046875, -103.00843048095703, -103.04695892333984, -103.13384246826172, -103.150146484375];
200015;0x631e631e631e631e631e631e631e631e631e631e631e631e631e631e631e631e;-89.75219585664667;-71.05198455669904;21.03453827490834;3.55;3.98;4.44668888888889;1.31;3.283611111111111;7.02;[-102.85552215576172, -102.75655364990234, -102.56450653076172, -103.00033569335938, -102.89382934570312, -102.80757904052734, -102.75607299804688, -102.83719635009766, -102.8100814819336, -102.88511657714844, -102.91292572021484, -102.80121612548828, -102.81745147705078, -102.8683853149414, -103.01410675048828, -102.79124450683594, -102.93846893310547, -102.92376708984375, -102.82301330566406, -102.83798217773438, -102.71290588378906, -102.77642822265625, -102.78488159179688, -102.78169250488281, -102.5788345336914, -102.7001953125, -102.743408203125, -102.56354522705078, -102.79337310791016, -102.9128189086914, -102.8059310913086, -103.08660888671875, -102.82246398925781, -103.08997344970703, -102.78984069824219, -102.55169677734375, -102.57400512695312, -102.5845947265625, -102.59487915039062, -102.70445251464844, -102.95350646972656, -102.8773422241211, -102.67976379394531, -102.99559020996094, -102.76746368408203, -102.91771697998047, -102.73133850097656, -102.55314636230469, -102.72189331054688, -102.78772735595703, -102.82330322265625, -102.96353149414062, -102.96318817138672, -102.74453735351562, -102.57301330566406, -102.61853790283203, -102.66909790039062, -102.72510528564453, -102.5849380493164, -102.8929672241211, -102.77510070800781, -103.04515075683594, -102.95972442626953, -102.5686264038086, -102.57141876220703, -102.88157653808594, -103.12785339355469, -102.91966247558594, -102.86785888671875, -102.86539459228516, -102.73938751220703, -102.9900894165039, -102.86732482910156, -102.63957214355469, -102.57855987548828, -102.84027099609375, -102.75148010253906, -102.59073638916016, -102.65511322021484, -102.89603424072266, -102.83709716796875, -102.70055389404297, -102.763916015625, -103.02816772460938, -102.80766296386719, -102.69921112060547, -102.64118194580078, -102.9377670288086, -103.02454376220703, -102.71056365966797, -103.04965209960938, -102.88975524902344, -102.61276245117188, -102.71473693847656, -102.72952270507812, -102.96257781982422, -103.18904113769531, -103.24627685546875, -103.03760528564453, -102.93961334228516, -102.7678451538086, -102.77896118164062, -102.78547668457031, -102.88121032714844, -102.85431671142578, -102.84088134765625, -102.98196411132812, -102.75890350341797, -102.87657928466797, -102.87222290039062, -102.83153533935547, -102.5557861328125, -102.5212173461914, -102.8223648071289, -102.79180145263672, -102.73735046386719, -102.95763397216797, -102.87895202636719, -102.85353088378906, -102.98564910888672, -102.96366119384766, -102.80793762207031, -102.75090789794922, -102.91917419433594, -102.92269134521484, -102.90691375732422, -102.91922760009766, -102.76868438720703, -102.81130981445312, -102.9367904663086, -102.99759674072266, -102.86995697021484, -102.98967742919922, -103.03580474853516, -102.74605560302734, -102.75159454345703, -102.95598602294922, -103.01065826416016, -103.00981903076172, -102.83909606933594, -102.81388092041016, -102.74282836914062, -102.79183959960938, -102.91462707519531, -102.83614349365234, -102.71159362792969, -102.72216796875, -102.70599365234375, -102.62084197998047, -102.8658447265625, -103.15023040771484, -102.83160400390625, -102.86080932617188, -103.04112243652344, -102.8154296875, -102.67927551269531, -102.86598205566406, -102.87712860107422, -102.7522964477539, -103.02249908447266, -102.87892150878906, -103.0792236328125, -102.98013305664062, -102.92064666748047, -103.43541717529297, -103.21298217773438, -102.7169418334961, -102.92009735107422, -103.07609558105469, -103.17662048339844, -102.87174987792969, -102.74398803710938, -102.81398010253906, -102.94213104248047, -102.7825698852539, -102.6624984741211, -102.85636138916016, -102.78009033203125, -102.88381958007812, -103.11431884765625, -103.1658706665039, -102.95925903320312, -102.92579650878906, -103.0851058959961, -103.00855255126953, -103.03961181640625, -102.82530975341797, -102.87474060058594, -102.762939453125, -102.9959487915039, -103.03878021240234, -102.94476318359375, -103.00791931152344, -102.87962341308594, -102.6055679321289, -102.53449249267578, -102.86102294921875, -102.97449493408203, -103.0118408203125, -102.74474334716797, -102.65060424804688, -102.84996795654297, -102.81986236572266, -102.7921142578125, -102.74555206298828, -102.82892608642578, -102.72749328613281, -102.7597427368164, -102.78437805175781, -102.8973388671875, -102.86836242675781, -102.88487243652344, -103.1209945678711, -103.04534912109375, -103.0191879272461, -102.85394287109375, -102.84074401855469, -102.78781127929688, -102.63268280029297, -102.99276733398438, -102.93814849853516, -102.8272705078125, -102.20661926269531, -90.67970275878906, -89.68630981445312, -91.05144500732422, -90.12718963623047, -91.09122467041016, -90.02002716064453, -90.81497192382812, -89.68778228759766, -90.59162902832031, -89.2876968383789, -90.4073715209961, -89.66206359863281, -90.52202606201172, -89.91304779052734, -90.71746063232422, -89.92366027832031, -90.7045669555664, -89.80166625976562, -90.42394256591797, -89.47933197021484, -90.55171203613281, -89.52279663085938, -90.82604217529297, -89.60458374023438, -90.70547485351562, -89.61090850830078, -90.04253387451172, -89.39801788330078, -90.10386657714844, -89.41242218017578, -89.86416625976562, -89.07768249511719, -89.73521423339844, -88.85188293457031, -89.80113220214844, -88.75115203857422, -89.85075378417969, -88.75630950927734, -90.0176773071289, -88.82857513427734, -89.97015380859375, -88.85710906982422, -89.60554504394531, -88.99315643310547, -89.44367980957031, -88.73635864257812, -89.91691589355469, -89.1709976196289, -89.30884552001953, -88.35589599609375, -89.42262268066406, -88.36793518066406, -89.7783432006836, -88.64883422851562, -89.57789611816406, -88.32280731201172, -89.5074691772461, -88.8109130859375, -89.00222778320312, -88.36311340332031, -89.10842895507812, -88.34829711914062, -89.27918243408203, -88.43704986572266, -89.28627014160156, -88.36798858642578, -89.18580627441406, -88.15880584716797, -88.94593811035156, -87.7706069946289, -89.2475357055664, -87.98965454101562, -89.10002899169922, -88.32263946533203, -88.7574691772461, -88.09139251708984, -88.6089859008789, -87.84191131591797, -88.4105453491211, -87.52806091308594, -88.55816650390625, -87.60016632080078, -88.70784759521484, -87.58111572265625, -88.8833236694336, -87.68953704833984, -88.6387939453125, -87.47328186035156, -88.32071685791016, -87.6729965209961, -88.11029052734375, -87.40478515625, -88.12114715576172, -87.30947875976562, -88.20696258544922, -87.32284545898438, -88.05037689208984, -87.02338409423828, -87.73641204833984, -86.6019515991211, -87.78872680664062, -86.55696105957031, -87.95883178710938, -86.86368560791016, -87.65473937988281, -87.01653289794922, -87.51802062988281, -86.76498413085938, -87.5726089477539, -86.77363586425781, -87.65576934814453, -86.7588119506836, -87.4292984008789, -86.36637115478516, -87.44280242919922, -86.28435516357422, -87.57263946533203, -86.3052749633789, -86.89350128173828, -86.16136169433594, -86.79961395263672, -86.1243667602539, -86.88489532470703, -86.0999984741211, -86.91783142089844, -86.0537338256836, -86.99352264404297, -86.06045532226562, -87.07942962646484, -85.98567199707031, -86.81851196289062, -85.65650177001953, -86.72112274169922, -85.47015380859375, -86.88546752929688, -86.07142639160156, -86.57450866699219, -85.89808654785156, -86.34944915771484, -85.5566635131836, -86.6581039428711, -85.7499771118164, -86.44879150390625, -85.45978546142578, -86.37355041503906, -85.24217987060547, -86.43999481201172, -85.26046752929688, -86.88288116455078, -85.76963806152344, -86.27802276611328, -85.69219970703125, -86.2017593383789, -85.46385192871094, -86.49078369140625, -85.69468688964844, -86.59700775146484, -85.6911849975586, -86.59585571289062, -85.57432556152344, -86.41341400146484, -85.3087158203125, -86.79266357421875, -85.51969146728516, -87.04251098632812, -85.9078369140625, -86.42338562011719, -85.79105377197266, -86.44400787353516, -85.70416259765625, -86.764404296875, -85.94164276123047, -86.77461242675781, -85.86602783203125, -86.88360595703125, -85.86249542236328, -87.01237487792969, -85.82099914550781, -87.25648498535156, -86.01200866699219, -87.2606201171875, -86.5293197631836, -87.12213897705078, -86.43846130371094, -87.13550567626953, -86.40672302246094, -87.31070709228516, -86.45409393310547, -87.46424102783203, -86.50430297851562, -87.61486053466797, -86.52682495117188, -87.49360656738281, -86.31183624267578, -88.22233581542969, -86.95767974853516, -87.95928192138672, -87.21113586425781, -87.66778564453125, -86.9999771118164, -88.19855499267578, -87.43647766113281, -88.10935974121094, -87.23197174072266, -88.27021789550781, -87.25370025634766, -88.31351470947266, -87.24595642089844, -88.44734191894531, -87.25536346435547, -88.66815185546875, -87.54653930664062, -88.34574127197266, -87.75907897949219, -88.79309844970703, -88.06885528564453, -88.72187805175781, -87.95756530761719, -89.00304412841797, -88.10686492919922, -89.08855438232422, -88.04512786865234, -89.0242919921875, -87.90413665771484, -89.19715881347656, -88.04037475585938, -89.1482925415039, -88.0079116821289, -89.07552337646484, -88.53385162353516, -88.95420837402344, -88.19979858398438, -88.92057037353516, -88.14479064941406, -89.00740051269531, -88.07341766357422, -89.28360748291016, -88.22296905517578, -89.50183868408203, -88.33822631835938, -89.08414459228516, -87.80598449707031, -88.96155548095703, -88.24491882324219, -88.88642120361328, -88.23785400390625, -88.9998779296875, -88.31012725830078, -89.13316345214844, -88.3065414428711, -88.72855377197266, -87.7841567993164, -88.77948760986328, -87.71446990966797, -88.75738525390625, -87.60459899902344, -88.76728057861328, -87.51939392089844, -88.36006164550781, -87.60309600830078, -88.37552642822266, -87.74432373046875, -88.72770690917969, -87.9683609008789, -88.01522827148438, -87.1523208618164, -88.56780242919922, -87.61347961425781, -88.52481079101562, -87.40930938720703, -88.53974151611328, -87.3713607788086, -88.53353881835938, -87.39879608154297, -87.76002502441406, -87.14832305908203, -88.31067657470703, -87.65319061279297, -88.08489227294922, -87.30267333984375, -88.07473754882812, -87.17001342773438, -88.20563507080078, -87.18727111816406, -88.35404968261719, -87.24177551269531, -88.33055877685547, -87.12442779541016, -88.27867126464844, -87.14579010009766, -88.11267852783203, -87.51372528076172, -87.89888763427734, -87.19975280761719, -88.22984313964844, -87.40605163574219, -88.3262710571289, -87.40850067138672, -87.9105453491211, -86.86567687988281, -88.52604675292969, -87.4095230102539, -88.3058090209961, -87.05091094970703, -88.1479721069336, -87.39888000488281, -88.43057250976562, -87.8160171508789, -88.48570251464844, -87.69197082519531, -88.1900634765625, -87.30006408691406, -88.81327056884766, -87.939208984375, -88.87477111816406, -87.81208038330078, -88.87519073486328, -87.73258209228516, -88.7098388671875, -87.42506408691406, -89.07193756103516, -88.32543182373047, -89.03205108642578, -88.3370132446289, -88.92609405517578, -88.16989135742188, -89.40884399414062, -88.51726531982422, -89.08740234375, -88.14599609375, -89.4528579711914, -88.37629699707031, -89.50870513916016, -88.3246078491211, -90.01935577392578, -88.93923950195312, -89.31803894042969, -88.74222564697266, -89.70626068115234, -89.06659698486328, -89.67366027832031, -88.84464263916016, -89.93195343017578, -89.08405303955078, -89.79564666748047, -88.76689147949219, -90.25037384033203, -89.1441650390625, -90.27874755859375, -89.14522552490234, -90.06121063232422, -88.88980102539062, -90.21771240234375, -89.58349609375, -89.86700439453125, -89.16493225097656, -90.24797058105469, -89.43207550048828, -90.03018951416016, -89.10494995117188, -90.21790313720703, -89.15179443359375, -90.47147369384766, -89.32984924316406, -90.6150131225586, -89.3893051147461, -90.21298217773438, -89.53240203857422, -89.98340606689453, -89.3602066040039, -90.04605865478516, -89.3232650756836, -90.21920776367188, -89.34986114501953, -90.50994873046875, -89.61644744873047, -90.48689270019531, -89.46196746826172, -90.65440368652344, -89.53805541992188, -90.67647552490234, -89.40943145751953, -90.4452896118164, -89.75337982177734, -90.27432250976562, -89.61456298828125, -90.37862396240234, -89.63491821289062, -90.384521484375, -89.49795532226562, -90.4683609008789, -89.47718048095703, -90.74887084960938, -89.72427368164062, -90.73609161376953, -89.5519790649414, -90.8281021118164, -89.72760772705078, -90.54459381103516, -90.01316833496094, -90.42568969726562, -89.77753448486328, -90.71803283691406, -89.92707824707031, -90.58013153076172, -89.634033203125, -90.7274398803711, -89.74369812011719, -90.90359497070312, -89.7972640991211, -90.87086486816406, -89.66250610351562, -90.92463684082031, -89.81724548339844, -90.45723724365234, -89.82193756103516, -90.75020599365234, -90.02725219726562, -90.93347930908203, -90.13114929199219, -90.76976776123047, -89.90390014648438, -90.7504653930664, -89.747802734375, -90.8360824584961, -89.66724395751953, -91.09575653076172, -89.91129302978516, -91.24349975585938, -90.5023422241211, -90.86070251464844, -90.27239990234375, -91.12220764160156, -90.39839172363281, -91.22105407714844, -90.35108947753906, -91.30307006835938, -90.3962173461914, -91.05696868896484, -90.01924896240234, -91.36225891113281, -90.1796875, -91.35647583007812, -90.19834899902344, -91.30812072753906, -90.53436279296875, -91.17759704589844, -90.53591918945312, -91.19915771484375, -90.45524597167969, -91.26763153076172, -90.38644409179688, -91.47148132324219, -90.46280670166016, -91.38726806640625, -90.3229751586914, -91.35921478271484, -90.24041748046875, -91.72100067138672, -90.70194244384766, -91.45243072509766, -90.85985565185547, -91.57754516601562, -90.89708709716797, -91.42399597167969, -90.64605712890625, -91.73262023925781, -90.84022521972656, -91.53742980957031, -90.6181640625, -91.98844146728516, -90.88251495361328, -91.7188720703125, -90.50898742675781, -91.88070678710938, -90.75277709960938, -91.22054290771484, -90.65336608886719, -91.2352066040039, -90.56877136230469, -91.58302307128906, -90.7626953125, -91.27857208251953, -90.36335754394531, -91.47441101074219, -90.50887298583984, -91.57786560058594, -90.44982147216797, -91.79588317871094, -90.64881896972656, -92.02610778808594, -91.33462524414062, -91.42488098144531, -90.78165435791016, -91.34671020507812, -90.69039916992188, -91.60790252685547, -90.80304718017578, -91.57889556884766, -90.65293884277344, -91.54600524902344, -90.55020904541016, -91.50680541992188, -90.38316345214844, -92.13594055175781, -90.93638610839844, -91.54339599609375, -90.86495971679688, -91.63756561279297, -91.05835723876953, -91.63897705078125, -90.87101745605469, -91.6012954711914, -90.76380157470703, -91.48936462402344, -90.54598999023438, -91.60261535644531, -90.49717712402344, -91.53235626220703, -90.37957000732422, -91.91448974609375, -90.88865661621094, -91.10057067871094, -90.55565643310547, -91.5602798461914, -90.94508361816406, -91.95625305175781, -91.24333190917969, -91.90055084228516, -90.98314666748047, -91.86970520019531, -90.93756866455078, -92.23921203613281, -91.12975311279297, -91.8567123413086, -90.72427368164062, -92.18048095703125, -91.14423370361328, -91.40177154541016, -90.76746368408203, -91.79290008544922, -91.11302185058594, -91.84614562988281, -91.0860366821289, -92.0521240234375, -91.11572265625, -91.53330993652344, -90.4907455444336, -91.9921646118164, -90.92803955078125, -92.4176254272461, -91.24323272705078, -92.10462188720703, -91.4815444946289, -91.97331237792969, -91.41796112060547, -92.1777572631836, -91.48612213134766, -92.43390655517578, -91.69225311279297, -92.42864990234375, -91.4820327758789, -92.27359771728516, -91.27272033691406, -92.59871673583984, -91.53410339355469, -92.77909088134766, -91.51274871826172, -92.5325927734375, -91.81575775146484, -92.90442657470703, -92.2586898803711, -93.28012084960938, -92.59245300292969, -93.12560272216797, -92.25483703613281, -93.17411804199219, -92.21096801757812, -93.59284210205078, -92.65077209472656, -93.6770248413086, -92.51763153076172, -94.16931915283203, -93.23707580566406, -93.53782653808594, -92.9808349609375, -94.15028381347656, -93.52661895751953, -93.98927307128906, -93.30146789550781, -94.4705581665039, -93.7575912475586, -95.00042724609375, -93.99510192871094, -95.01896667480469, -94.12577056884766, -95.23875427246094, -94.15071868896484, -95.7459487915039, -94.72425079345703, -95.14917755126953, -94.67422485351562, -95.76335906982422, -95.16156768798828, -96.01463317871094, -95.23766326904297, -96.13602447509766, -95.34581756591797, -96.52713012695312, -95.80936431884766, -96.45699310302734, -95.4686050415039, -97.09446716308594, -96.09085845947266, -97.20582580566406, -96.60506439208984, -97.29647064208984, -96.85926055908203, -97.05802917480469, -96.55567169189453, -97.94363403320312, -97.36888122558594, -97.88668060302734, -97.11248779296875, -97.935546875, -97.16455078125, -98.10188293457031, -97.30232238769531, -98.77275848388672, -97.92497253417969, -98.41227722167969, -97.79664611816406, -98.58873748779297, -98.0115966796875, -98.63762664794922, -98.21920013427734, -98.5147933959961, -97.95475006103516, -99.01322937011719, -98.33455657958984, -99.1395034790039, -98.41197204589844, -99.33277893066406, -98.67049407958984, -99.55824279785156, -98.68775939941406, -99.2664566040039, -99.09672546386719, -99.65582275390625, -99.14482116699219, -99.362060546875, -98.98355865478516, -99.78811645507812, -99.14983367919922, -99.82536315917969, -99.32746887207031, -99.8625259399414, -99.10513305664062, -99.77601623535156, -99.03433990478516, -100.31303405761719, -99.7564468383789, -99.84923553466797, -99.56351470947266, -100.23989868164062, -99.85672760009766, -100.62551879882812, -100.21676635742188, -100.3932113647461, -99.92389678955078, -100.4970703125, -100.00369262695312, -100.86775207519531, -100.34898376464844, -100.8734359741211, -100.34749603271484, -100.79498291015625, -100.42076873779297, -100.7669906616211, -100.46241760253906, -100.95529174804688, -100.91065979003906, -101.18560791015625, -100.57743835449219, -101.0219955444336, -100.78587341308594, -101.18693542480469, -100.6038589477539, -101.3131332397461, -101.19647979736328, -101.3768539428711, -100.7220458984375, -101.10338592529297, -100.91011810302734, -100.86165618896484, -100.68574523925781, -101.24332427978516, -101.0822525024414, -101.35675811767578, -100.78008270263672, -101.07211303710938, -100.84613037109375, -101.13420867919922, -101.01207733154297, -100.98395538330078, -100.32453155517578, -100.88766479492188, -100.5546646118164, -100.69703674316406, -100.4668197631836, -100.33399963378906, -100.12703704833984, -100.1832504272461, -99.67872619628906, -100.15457153320312, -99.58421325683594, -99.84234619140625, -99.39058685302734, -99.2927017211914, -98.69679260253906, -99.42698669433594, -98.66305541992188, -98.93994903564453, -98.37870788574219, -98.56526184082031, -98.16410827636719, -98.22344207763672, -97.67923736572266, -98.00369262695312, -97.3411636352539, -97.63237762451172, -96.88060760498047, -97.40174865722656, -96.54293823242188, -96.95094299316406, -95.9308090209961, -96.73302459716797, -95.76902770996094, -96.4861068725586, -95.84423065185547, -95.89474487304688, -95.3327407836914, -95.77169799804688, -95.19188690185547, -95.3330307006836, -94.54878234863281, -95.34447479248047, -94.51405334472656, -95.02214050292969, -94.06542205810547, -94.61458587646484, -93.54639434814453, -94.43507385253906, -93.38304901123047, -94.35577392578125, -93.62772369384766, -93.56464385986328, -92.9670181274414, -93.48627471923828, -92.67697143554688, -93.80458068847656, -92.93721771240234, -93.07633972167969, -92.10902404785156, -93.25848388671875, -92.3116455078125, -93.20856475830078, -92.11400604248047, -92.66464233398438, -91.58760833740234, -92.2748794555664, -91.64451599121094, -92.1967544555664, -91.537109375, -91.62847137451172, -90.83329010009766, -91.53470611572266, -90.65364837646484, -91.86585998535156, -90.91259002685547, -91.5537109375, -90.48889923095703, -91.8695297241211, -90.68742370605469, -91.13887786865234, -90.02520751953125, -90.8539810180664, -90.28397369384766, -91.3656997680664, -90.6001205444336, -91.06108856201172, -90.25688934326172, -90.6915283203125, -89.81170654296875, -90.85052490234375, -89.91863250732422, -90.67191314697266, -89.57133483886719, -90.81503295898438, -89.60612487792969, -101.30451202392578, -102.28533935546875, -90.38679504394531, -89.64138793945312, -90.76716613769531, -90.1016616821289, -90.75952911376953, -89.87386322021484, -90.11050415039062, -89.17839050292969, -90.58012390136719, -89.50343322753906, -90.44508361816406, -89.28296661376953, -90.66524505615234, -89.40345764160156, -89.99592590332031, -89.28206634521484, -90.05736541748047, -89.40367889404297, -90.05389404296875, -89.3377456665039, -90.41287231445312, -89.51009368896484, -90.31603240966797, -89.31644439697266, -90.76687622070312, -89.68263244628906, -90.4485092163086, -89.30143737792969, -90.47452545166016, -89.22051239013672, -90.16802978515625, -89.39347839355469, -90.20059967041016, -89.58198547363281, -90.36518096923828, -89.5569076538086, -90.39108276367188, -89.5506591796875, -90.72611236572266, -89.79177856445312, -90.50800323486328, -89.42736053466797, -91.03681945800781, -89.84137725830078, -90.71210479736328, -89.59043884277344, -90.47264862060547, -89.80403137207031, -90.72386932373047, -90.03665161132812, -90.38117980957031, -89.60134887695312, -90.51549530029297, -89.64261627197266, -91.01448059082031, -89.99883270263672, -91.38032531738281, -90.28540802001953, -91.11397552490234, -89.90657043457031, -91.71729278564453, -90.59638214111328, -91.07477569580078, -90.4697265625, -91.46839904785156, -90.78369140625, -91.32077026367188, -90.50238800048828, -91.5545654296875, -90.59123992919922, -91.59172058105469, -90.5592269897461, -91.75284576416016, -90.69610595703125, -92.21104431152344, -91.02201080322266, -92.00654602050781, -91.3106918334961, -91.94390106201172, -91.34811401367188, -92.61143493652344, -91.98223114013672, -92.30802154541016, -91.51130676269531, -92.82327270507812, -91.92477416992188, -92.81497955322266, -91.81600952148438, -93.12544250488281, -92.01670837402344, -93.37046813964844, -92.20330047607422, -93.56410217285156, -92.88528442382812, -93.3143081665039, -92.62227630615234, -93.53385925292969, -92.7159194946289, -93.61563873291016, -92.87354278564453, -94.26964569091797, -93.45316314697266, -94.22708129882812, -93.26032257080078, -94.70269775390625, -93.64698791503906, -94.71762084960938, -93.72907257080078, -94.77032470703125, -94.20472717285156, -95.01580047607422, -94.34544372558594, -95.22567749023438, -94.53633880615234, -95.56478118896484, -94.71553039550781, -95.48738861083984, -94.63066101074219, -95.6722640991211, -94.6852035522461, -95.75987243652344, -94.72545623779297, -96.09994506835938, -95.23999786376953, -96.14431762695312, -95.65875244140625, -96.20702362060547, -95.57199096679688, -96.45046997070312, -95.74207305908203, -96.77415466308594, -96.0338134765625, -96.67511749267578, -95.73310089111328, -96.8060073852539, -96.01558685302734, -97.06607818603516, -95.99136352539062, -96.8016128540039, -96.26866149902344, -96.94335174560547, -96.34614562988281, -96.74437713623047, -96.13116455078125, -96.72378540039062, -96.09953308105469, -97.01359558105469, -96.27449035644531, -96.91714477539062, -95.98102569580078, -97.04570770263672, -95.99549102783203, -97.03270721435547, -95.97553253173828, -96.6405258178711, -96.02361297607422, -96.4562759399414, -95.94025421142578, -96.39961242675781, -95.77888488769531, -96.0710678100586, -95.27655029296875, -96.13604736328125, -95.27241516113281, -96.20709991455078, -95.34765625, -95.89678955078125, -94.94783020019531, -95.761474609375, -94.68730926513672, -95.40508270263672, -94.8531723022461, -95.54078674316406, -94.8759765625, -94.7649917602539, -94.07551574707031, -94.5368423461914, -93.66107177734375, -94.49478912353516, -93.63946533203125, -94.72199249267578, -93.78588104248047, -94.33480072021484, -93.1580810546875, -94.28913879394531, -93.24964141845703, -94.01081848144531, -93.37158966064453, -93.68778991699219, -92.98585510253906, -93.79393005371094, -93.03294372558594, -93.83604431152344, -92.9559555053711, -93.19879913330078, -92.15013885498047, -93.29611206054688, -92.22602844238281, -93.03895568847656, -91.84178161621094, -93.13227844238281, -92.42598724365234, -92.34638977050781, -91.69347381591797, -92.31171417236328, -91.6260757446289, -92.26298522949219, -91.41946411132812, -92.2960205078125, -91.4607162475586, -92.41629028320312, -91.46861267089844, -92.2331314086914, -91.12657928466797, -92.02285766601562, -90.72368621826172, -91.80363464355469, -91.05029296875, -91.38008117675781, -90.76249694824219, -91.59951782226562, -90.87039947509766, -91.67455291748047, -90.83861541748047, -91.35453033447266, -90.33181762695312, -91.61788940429688, -90.49493408203125, -91.42943572998047, -90.23341369628906, -91.42558288574219, -90.34222412109375, -91.14613342285156, -90.56524658203125, -90.84043884277344, -90.16946411132812, -90.95038604736328, -90.2142333984375, -90.61842346191406, -89.7269515991211, -91.08680725097656, -90.05180358886719, -90.61829376220703, -89.4991226196289, -90.52775573730469, -89.30895233154297, -90.98567962646484, -89.90758514404297, -90.26688385009766, -89.59233093261719, -90.12936401367188, -89.38726806640625, -90.01998138427734, -89.15852355957031, -90.19315338134766, -89.3034439086914, -89.92784881591797, -88.85245513916016, -90.27033996582031, -89.12360382080078, -90.12467193603516, -88.90579986572266, -89.6622314453125, -88.93539428710938, -89.6549072265625, -89.02904510498047, -89.5420150756836, -88.7747573852539, -89.74309539794922, -88.87249755859375, -89.55968475341797, -88.58543395996094, -89.41505432128906, -88.38713073730469, -89.85990905761719, -88.7098617553711, -89.6480712890625, -88.36286926269531, -89.46453857421875, -88.69239807128906, -89.15252685546875, -88.47598266601562, -89.1987533569336, -88.41490173339844, -89.26801300048828, -88.4173812866211, -89.2690200805664, -88.21199035644531, -89.7571792602539, -88.69229125976562, -89.46456146240234, -88.24349975585938, -89.73174285888672, -88.62448120117188, -89.41240692138672, -88.78262329101562, -89.12887573242188, -88.41515350341797, -89.03956604003906, -88.21551513671875, -88.92880249023438, -88.05614471435547, -89.0956802368164, -88.10809326171875, -89.25484466552734, -88.11503601074219, -89.25348663330078, -88.00691986083984, -89.22299194335938, -88.08492279052734, -88.90171813964844, -88.27613830566406, -89.03900146484375, -88.3055648803711, -89.0634765625, -88.28112030029297, -89.2101821899414, -88.28649139404297, -89.52951049804688, -88.4972152709961, -89.43588256835938, -88.3078842163086, -89.4029541015625, -88.14269256591797, -89.32494354248047, -88.58726501464844, -89.27277374267578, -88.60096740722656, -89.43745422363281, -88.65966796875, -89.25920867919922, -88.3808822631836, -89.73222351074219, -88.77389526367188, -89.80086517333984, -88.7396240234375, -90.04523468017578, -88.91858673095703, -90.0678482055664, -88.79252624511719, -90.1162338256836, -89.33575439453125, -89.92106628417969, -89.27711486816406, -90.19117736816406, -89.40143585205078, -90.36481475830078, -89.51815032958984, -90.28697204589844, -89.31017303466797, -90.56405639648438, -89.51148986816406, -90.66259002685547, -89.47883605957031, -90.79962158203125, -89.67864227294922, -90.5035629272461, -89.9308090209961, -91.00702667236328, -90.301025390625, -91.0289077758789, -90.25899505615234, -91.43798065185547, -90.51587677001953, -91.69003295898438, -90.69602966308594, -91.68672180175781, -90.56707763671875, -92.17488098144531, -91.0444107055664, -92.1365966796875, -91.02518463134766, -91.77406311035156, -91.15425872802734, -92.54420471191406, -91.8634033203125, -92.43828582763672, -91.6385269165039, -92.69529724121094, -91.8321762084961, -92.62018585205078, -91.59593963623047, -93.18307495117188, -92.031494140625, -93.00393676757812, -91.78910827636719, -93.04412841796875, -92.36266326904297, -93.04268646240234, -92.41202545166016, -93.08594512939453, -92.32914733886719, -93.29166412353516, -92.5678939819336, -93.43507385253906, -92.55245208740234, -93.84762573242188, -92.78679656982422, -93.40716552734375, -92.30061340332031, -93.67529296875, -92.46870422363281, -93.2361068725586, -92.52481842041016, -93.17051696777344, -92.55552673339844, -93.33871459960938, -92.60514068603516, -93.45346069335938, -92.69305419921875, -93.31723022460938, -92.32984924316406, -93.33281707763672, -92.23876953125, -93.38154602050781, -92.26434326171875, -93.19171142578125, -92.19708251953125, -92.81324768066406, -92.25962829589844, -92.97801971435547, -92.27543640136719, -92.855224609375, -92.15548706054688, -93.02042388916016, -92.11061096191406, -92.75332641601562, -91.8056640625, -92.82310485839844, -91.76472473144531, -93.1263427734375, -91.96284484863281, -92.92465209960938, -91.87946319580078, -92.41949462890625, -91.85987091064453, -92.50809478759766, -91.82901000976562, -92.47757720947266, -91.60924530029297, -92.17642974853516, -91.24082946777344, -92.68302154541016, -91.68396759033203, -92.62054443359375, -91.53899383544922, -92.6651611328125, -91.44923400878906, -92.31551361083984, -91.57948303222656, -92.64958953857422, -92.06178283691406, -92.23052215576172, -91.5030517578125, -92.25514221191406, -91.40657806396484, -92.55654907226562, -91.54988861083984, -92.52620697021484, -91.55653381347656, -92.72885131835938, -91.65087127685547, -92.53392791748047, -91.25708770751953, -92.36901092529297, -91.66409301757812, -92.23041534423828, -91.50196838378906, -92.17845916748047, -91.39862060546875, -92.56583404541016, -91.73262023925781, -92.22154998779297, -91.2411117553711, -92.35914611816406, -91.36576080322266, -92.53787231445312, -91.34817504882812, -92.81494903564453, -91.78147888183594, -92.40438842773438, -91.82525634765625, -92.627197265625, -91.98943328857422, -92.59813690185547, -91.78295135498047, -92.62986755371094, -91.73783874511719, -92.45946502685547, -91.48420715332031, -92.9534683227539, -91.82258605957031, -92.78919982910156, -91.64623260498047, -93.09696197509766, -92.03202819824219, -92.84761047363281, -92.2852783203125, -93.29391479492188, -92.59480285644531, -93.49946594238281, -92.69710540771484, -93.3545913696289, -92.4611587524414, -93.55213165283203, -92.65762329101562, -93.77631378173828, -92.71253967285156, -93.8854751586914, -92.7454605102539, -93.68891143798828, -93.0281753540039, -93.72579193115234, -93.11262512207031, -93.77294921875, -93.06253814697266, -94.00082397460938, -93.22233581542969, -94.14434051513672, -93.24182891845703, -94.13748931884766, -93.1513442993164, -94.42972564697266, -93.40470886230469, -94.65745544433594, -93.47796630859375, -94.50975036621094, -93.83011627197266, -94.36674499511719, -93.85791015625, -94.4399185180664, -93.65435791015625, -94.0158920288086, -93.21778869628906, -94.24087524414062, -93.32540893554688, -94.38500213623047, -93.43020629882812, -94.56138610839844, -93.55931854248047, -94.6038589477539, -93.56871795654297, -94.19923400878906, -93.6242904663086, -94.26221466064453, -93.61929321289062, -94.21404266357422, -93.32803344726562, -93.99201965332031, -93.17890930175781, -94.20313262939453, -93.26062774658203, -93.58949279785156, -92.47586059570312, -93.6275863647461, -92.48519897460938, -93.20360565185547, -92.15950012207031, -93.24287414550781, -92.71307373046875, -92.85770416259766, -92.13607788085938, -92.61124420166016, -91.79915618896484, -92.5147705078125, -91.58753204345703, -92.66353607177734, -91.68505859375, -92.63166809082031, -91.54254913330078, -92.14697265625, -90.83099365234375, -91.82115936279297, -91.1490707397461, -91.32402038574219, -90.61431121826172, -91.46127319335938, -90.7309341430664, -91.18286895751953, -90.3623046875, -90.87812042236328, -89.90151977539062, -91.18519592285156, -90.12589263916016, -90.86904907226562, -89.70494842529297, -90.69901275634766, -89.41548919677734, -90.46282196044922, -89.6966323852539, -89.83891296386719, -89.13672637939453, -90.06316375732422, -89.3224105834961, -89.75942993164062, -88.8726806640625, -89.97977447509766, -88.98588562011719, -89.81208038330078, -88.73724365234375, -89.26907348632812, -88.0990219116211, -89.60738372802734, -88.51077270507812, -89.21822357177734, -88.63282012939453, -88.98442077636719, -88.27384185791016, -88.93009948730469, -88.10416412353516, -88.95536804199219, -88.06254577636719, -88.71114349365234, -87.67356872558594, -88.73798370361328, -87.59996032714844, -88.56566619873047, -87.32615661621094, -88.90773010253906, -87.78607177734375, -88.27619934082031, -87.6875228881836, -88.2864761352539, -87.54855346679688, -88.17269897460938, -87.33784484863281, -88.38749694824219, -87.45882415771484, -88.39128875732422, -87.34296417236328, -88.39904022216797, -87.22508239746094, -88.48184204101562, -87.18463134765625, -87.7584457397461, -87.02046966552734, -88.03433990478516, -87.38152313232422, -88.1312484741211, -87.38064575195312, -87.93864440917969, -87.0206298828125, -88.1041259765625, -87.15843200683594, -88.0498275756836, -86.99203491210938, -88.39286804199219, -87.20635223388672, -88.25301361083984, -86.91848754882812, -88.33759307861328, -87.60305786132812, -88.04542541503906, -87.36296081542969, -88.39398956298828, -87.6087417602539, -88.37479400634766, -87.48794555664062, -88.15521240234375, -87.17700958251953, -88.45805358886719, -87.36302947998047, -88.4858627319336, -87.27213287353516, -88.94953918457031, -87.82820892333984, -88.130859375, -87.52631378173828, -88.3816146850586, -87.6691665649414, -88.63875579833984, -87.8147964477539, -88.83197784423828, -87.94878387451172, -88.77763366699219, -87.74449920654297, -89.20872497558594, -88.07846069335938, -89.08638000488281, -87.89579772949219, -89.29463195800781, -88.10762786865234, -88.90782928466797, -88.30420684814453, -88.98018646240234, -88.21512603759766, -89.20440673828125, -88.41160583496094, -89.51837921142578, -88.6082763671875, -89.88487243652344, -88.87687683105469, -89.7772445678711, -88.63633728027344, -89.9369125366211, -88.67947387695312, -89.9527587890625, -89.2063980102539, -89.85346221923828, -89.21028900146484, -89.81402587890625, -89.0751953125, -90.30564880371094, -89.47293090820312, -90.23662567138672, -89.28425598144531, -90.76376342773438, -89.745361328125, -90.87586975097656, -89.70867919921875, -90.95963287353516, -89.76559448242188, -91.30155181884766, -90.57071685791016, -91.18474578857422, -90.60792541503906, -91.64788818359375, -90.9025650024414, -91.77128601074219, -90.9647216796875, -92.2783432006836, -91.26313018798828, -92.66707611083984, -91.60665893554688, -92.98094177246094, -91.8367691040039, -93.0823745727539, -92.00304412841797, -93.21263885498047, -92.65941619873047, -93.39751434326172, -92.73921966552734, -93.85614013671875, -93.07760620117188, -94.32715606689453, -93.51497650146484, -94.65814208984375, -93.74776458740234, -95.17273712158203, -94.19596862792969, -95.34066009521484, -94.35099792480469, -96.01206970214844, -95.1297836303711, -96.07201385498047, -95.46114349365234, -96.28608703613281, -95.64533996582031, -96.63493347167969, -96.01752471923828, -96.979248046875, -96.19188690185547, -97.62533569335938, -96.84559631347656, -97.60107421875, -96.67679595947266, -97.93275451660156, -97.13284301757812, -98.4223403930664, -97.81111145019531, -98.50896453857422, -98.06475830078125, -98.79429626464844, -98.38002014160156, -98.91741180419922, -98.2688980102539, -98.8431167602539, -98.21851348876953, -98.7486572265625, -97.861083984375, -98.72815704345703, -98.00511932373047, -98.79537200927734, -97.82422637939453, -98.40034484863281, -97.80937957763672, -97.96996307373047, -97.43408966064453, -97.79270935058594, -97.28162384033203, -97.64651489257812, -96.97994995117188, -97.29920959472656, -96.43376159667969, -96.99464416503906, -96.0141372680664, -96.78031158447266, -95.80776977539062, -96.2457504272461, -95.27423095703125, -95.90657806396484, -95.37570190429688, -95.7989501953125, -95.16482543945312, -95.34309387207031, -94.61457061767578, -94.97273254394531, -94.19831085205078, -94.92561340332031, -94.0135726928711, -102.50931549072266, -103.22695922851562, -103.15123748779297, -103.13953399658203, -103.0623779296875, -103.10298919677734, -102.95598602294922, -103.07430267333984, -103.14840698242188, -102.98853302001953, -102.90853881835938, -103.11628723144531, -103.10138702392578, -103.1346206665039, -103.1012191772461, -103.16898345947266, -103.24039459228516, -103.04229736328125, -103.04072570800781, -103.26190948486328, -103.0501708984375, -103.0406265258789, -103.16665649414062, -102.97938537597656, -103.1321029663086, -103.2663345336914, -103.21321868896484, -103.18326568603516, -103.26516723632812, -103.29061126708984, -103.32374572753906, -102.9549331665039, -102.9748764038086, -103.07567596435547, -102.80760192871094, -102.71119689941406, -103.05886840820312, -102.97740936279297, -103.10486602783203, -103.0536117553711, -103.02935028076172, -103.16454315185547, -103.07965850830078, -103.01698303222656, -103.02835083007812, -103.11084747314453, -103.05333709716797, -103.23322296142578, -103.10745239257812, -103.05763244628906, -103.1123046875, -103.19567108154297, -103.27632904052734, -102.91561889648438, -102.83260345458984, -103.17259216308594, -103.10728454589844, -103.02698516845703, -103.1551513671875, -103.05670928955078, -103.0701904296875, -103.01702117919922, -103.16227722167969, -102.9844741821289, -103.06246948242188, -103.19923400878906, -103.15448760986328, -103.21993255615234, -103.14373016357422, -103.08358764648438, -103.1183853149414, -103.13172149658203, -103.02420043945312, -103.2187728881836, -103.17583465576172, -103.23174285888672, -103.25881958007812, -103.07047271728516, -103.213623046875, -103.23543548583984, -103.22076416015625, -103.05364227294922, -103.15654754638672, -103.18341064453125, -103.14208984375, -102.98126983642578, -103.1683349609375, -103.28799438476562, -103.0916976928711, -103.17112731933594, -103.13838958740234, -103.03839874267578, -103.09318542480469, -102.96603393554688, -103.10814666748047, -103.17236328125, -103.3248519897461, -103.24433898925781, -102.962158203125, -103.01893615722656, -103.01931762695312, -102.77973937988281, -103.01904296875, -103.1364517211914, -103.29869842529297, -103.30805969238281, -103.28229522705078, -103.326904296875, -103.52972412109375, -103.2824935913086, -103.18807220458984, -102.98764038085938, -103.1557846069336, -102.80301666259766, -102.9489517211914, -103.17478942871094, -103.2183837890625, -103.14263153076172, -103.02874755859375, -103.19767761230469, -103.13970947265625, -103.21342468261719, -103.23054504394531, -103.04950714111328, -103.11420440673828, -102.99626922607422, -102.98216247558594, -102.98636627197266, -103.02468872070312, -103.21561431884766, -103.32107543945312, -103.2812728881836, -103.30372619628906, -103.2059097290039, -103.02715301513672, -102.93695068359375, -103.04328155517578, -103.16682434082031, -103.23694610595703, -103.39297485351562, -103.26409912109375, -103.26810455322266, -103.30403900146484, -103.06980895996094, -103.2734146118164, -103.04386138916016, -103.0812759399414, -103.12194061279297, -102.7881088256836, -102.85588836669922, -103.27513122558594, -103.09954833984375, -103.10479736328125, -103.057373046875, -103.19857025146484, -103.07569885253906, -102.95176696777344, -103.00568389892578, -103.11271667480469, -103.06359100341797, -103.09539031982422, -103.1313247680664, -102.86626434326172, -102.70516967773438, -102.91402435302734, -102.91138458251953, -103.10791015625, -103.2731704711914, -103.2606201171875, -102.97643280029297, -103.08600616455078, -103.23355865478516, -102.98350524902344, -102.93159484863281, -102.98121643066406, -103.04491424560547, -103.00343322753906, -103.0440902709961, -103.11344909667969, -102.95276641845703, -103.13917541503906, -103.11914825439453, -103.27995300292969, -103.0246353149414, -102.98831176757812, -102.98635864257812, -103.04171752929688, -103.22197723388672, -103.0793685913086, -103.24829864501953, -103.32046508789062, -103.28620147705078, -103.289306640625, -103.2008056640625, -103.15318298339844, -103.10558319091797, -102.94244384765625, -103.0319595336914, -103.10539245605469, -103.1036376953125, -103.17567443847656, -103.13134002685547, -103.08485412597656, -103.02930450439453, -103.18181610107422, -103.07180786132812, -103.13249969482422, -103.14875030517578, -103.18958282470703, -103.14691162109375, -103.33206939697266, -103.09019470214844, -102.9145278930664, -103.01155090332031, -103.0863265991211, -103.06156921386719, -103.0780029296875, -103.04612731933594, -103.18204498291016, -103.2107162475586, -103.19488525390625, -103.14192962646484, -103.14614868164062];
200016;0x631d631d631d631d631d631d631d631d631d631d631d631d631d631d631d631d;-89.38847799373877;-71.05198455669904;21.03453827490834;3.55;3.98;4.44668888888889;1.31;3.283611111111111;7.02;[-102.80707550048828, -102.47927856445312, -102.49417114257812, -102.94425964355469, -102.7558364868164, -102.83429718017578, -102.84212493896484, -102.82620239257812, -102.87305450439453, -102.85751342773438, -102.68643188476562, -102.71817779541016, -102.82515716552734, -102.79531860351562, -102.79476928710938, -102.85594940185547, -102.61598205566406, -102.81857299804688, -102.7613754272461, -102.76213836669922, -102.86431121826172, -102.88329315185547, -102.87665557861328, -102.86949920654297, -102.87652587890625, -102.81423950195312, -102.89849090576172, -102.98570251464844, -102.90914916992188, -102.88511657714844, -102.9981918334961, -102.88996124267578, -103.0630874633789, -103.004150390625, -102.75667572021484, -102.7774429321289, -102.8326644897461, -103.01297760009766, -102.91182708740234, -102.85153198242188, -102.74459838867188, -102.93840026855469, -102.71607971191406, -102.99003601074219, -102.83491516113281, -103.08068084716797, -103.0753173828125, -102.89105224609375, -102.83866882324219, -102.78367614746094, -102.72833251953125, -102.8986587524414, -102.82443237304688, -102.674560546875, -102.52719116210938, -102.84615325927734, -102.59965515136719, -102.5405044555664, -102.65898895263672, -102.77041625976562, -102.53776550292969, -102.69606018066406, -102.92350006103516, -102.67674255371094, -102.60696411132812, -103.03059387207031, -102.84517669677734, -102.73780822753906, -102.90205383300781, -102.63800048828125, -102.443359375, -102.7568130493164, -102.7767562866211, -102.67737579345703, -102.88641357421875, -102.83441925048828, -102.75077056884766, -102.85040283203125, -102.61660766601562, -102.9057846069336, -102.94967651367188, -102.74945831298828, -102.5721664428711, -102.91207122802734, -103.31388854980469, -102.76104736328125, -102.56716918945312, -103.11109924316406, -102.84955596923828, -102.9502944946289, -102.96483612060547, -103.13035583496094, -103.0727310180664, -102.81827545166016, -102.78253936767578, -102.78556060791016, -102.83016967773438, -102.81777954101562, -102.76844024658203, -102.83425903320312, -102.61233520507812, -102.89058685302734, -102.84921264648438, -102.77117919921875, -102.87081909179688, -103.10186004638672, -102.92444610595703, -102.5929183959961, -102.78556060791016, -102.83354949951172, -102.87982177734375, -102.42913055419922, -102.61338806152344, -103.01885986328125, -102.8541488647461, -102.93247985839844, -103.00651550292969, -102.97343444824219, -102.94450378417969, -103.03509521484375, -103.11853790283203, -102.95818328857422, -102.93418884277344, -102.98612976074219, -102.91162872314453, -102.76072692871094, -102.84127807617188, -103.10777282714844, -103.05720520019531, -102.86100769042969, -102.84363555908203, -102.91400146484375, -102.98165893554688, -103.01641082763672, -102.85128784179688, -102.76327514648438, -102.76905059814453, -102.82366180419922, -102.90262603759766, -103.05457305908203, -102.93550109863281, -103.08642578125, -103.068359375, -102.87003326416016, -102.81083679199219, -102.63897705078125, -102.6403579711914, -102.74116516113281, -102.71710968017578, -102.94463348388672, -103.05296325683594, -103.08147430419922, -102.77871704101562, -102.82805633544922, -102.93950653076172, -102.9180908203125, -102.82068634033203, -102.87887573242188, -102.73634338378906, -102.89510345458984, -103.06107330322266, -103.129638671875, -103.09950256347656, -102.88697814941406, -103.00324249267578, -103.00320434570312, -102.71057891845703, -102.75708770751953, -102.70784759521484, -102.82039642333984, -102.9697494506836, -103.08416748046875, -102.98689270019531, -103.15143585205078, -103.14166259765625, -102.89691162109375, -102.95022583007812, -102.98416137695312, -102.89203643798828, -103.11454772949219, -103.11750030517578, -102.91346740722656, -102.85478210449219, -103.03445434570312, -102.9293212890625, -102.77857208251953, -102.85690307617188, -102.84781646728516, -102.96839904785156, -102.8668441772461, -102.85861206054688, -103.02076721191406, -102.900146484375, -102.81112670898438, -102.73577880859375, -103.03045654296875, -103.00687408447266, -102.91312408447266, -102.72754669189453, -102.73372650146484, -102.77386474609375, -102.65320587158203, -102.7864990234375, -102.7371826171875, -102.7679214477539, -103.08709716796875, -102.99531555175781, -102.88900756835938, -102.9549789428711, -102.9484634399414, -103.00022888183594, -102.93045043945312, -102.97515106201172, -103.03624725341797, -102.76911926269531, -102.89028930664062, -102.83406829833984, -102.74303436279297, -103.08106231689453, -103.07450866699219, -102.91483306884766, -102.98678588867188, -101.97462463378906, -90.25767517089844, -89.33551788330078, -90.72702026367188, -89.81879425048828, -90.70865631103516, -89.68080139160156, -90.47062683105469, -89.32077026367188, -90.20325469970703, -88.93610382080078, -90.12081146240234, -89.36339569091797, -90.14563751220703, -89.5021743774414, -90.30418395996094, -89.50608825683594, -90.27277374267578, -89.43006134033203, -90.00157165527344, -89.06245422363281, -90.13094329833984, -89.09774780273438, -90.42245483398438, -89.21346282958984, -90.31935119628906, -89.24156951904297, -89.45928955078125, -88.86378479003906, -89.53445434570312, -88.82801818847656, -89.3741683959961, -88.61431884765625, -89.18665313720703, -88.27396392822266, -89.18793487548828, -88.22332000732422, -89.29534912109375, -88.20343017578125, -89.4267578125, -88.22654724121094, -89.39388275146484, -88.28952026367188, -89.03285217285156, -88.44439697265625, -88.83577728271484, -88.09556579589844, -89.2943115234375, -88.4642333984375, -88.64295959472656, -87.75006103515625, -88.80107116699219, -87.72152709960938, -89.08439636230469, -87.91926574707031, -88.80999755859375, -87.52787017822266, -88.85903930664062, -88.15878295898438, -88.3147201538086, -87.63514709472656, -88.3314208984375, -87.61136627197266, -88.53988647460938, -87.67518615722656, -88.4601058959961, -87.49698638916016, -88.41690826416016, -87.3206558227539, -88.11927795410156, -86.90660858154297, -88.39358520507812, -87.15162658691406, -88.15222930908203, -87.40723419189453, -87.87660217285156, -87.24640655517578, -87.73226928710938, -86.91051483154297, -87.47518920898438, -86.58264923095703, -87.6312026977539, -86.63497161865234, -87.6956787109375, -86.59745788574219, -87.88756561279297, -86.69437408447266, -87.61743927001953, -86.48860931396484, -87.21704864501953, -86.66714477539062, -87.24555206298828, -86.5067138671875, -87.16425323486328, -86.37535095214844, -87.18257904052734, -86.25509643554688, -87.01449584960938, -85.96092224121094, -86.72472381591797, -85.59581756591797, -86.73038482666016, -85.48375701904297, -86.95862579345703, -85.79633331298828, -86.58008575439453, -85.94571685791016, -86.40184020996094, -85.65208435058594, -86.49720001220703, -85.68791961669922, -86.5879898071289, -85.64723205566406, -86.33497619628906, -85.28941345214844, -86.34635162353516, -85.2193374633789, -86.44436645507812, -85.18121337890625, -85.82720947265625, -85.07633209228516, -85.73026275634766, -85.087158203125, -85.80140686035156, -85.07250213623047, -85.82713317871094, -84.97941589355469, -85.9875259399414, -84.98216247558594, -86.04164123535156, -84.9714584350586, -85.78583526611328, -84.60358428955078, -85.67994689941406, -84.37535095214844, -85.81661987304688, -85.068603515625, -85.54410552978516, -84.87733459472656, -85.41610717773438, -84.61323547363281, -85.68287658691406, -84.79349517822266, -85.42787170410156, -84.41144561767578, -85.41902923583984, -84.2704849243164, -85.51590728759766, -84.31068420410156, -85.97563934326172, -84.87832641601562, -85.3466796875, -84.71725463867188, -85.27741241455078, -84.5532455444336, -85.60955810546875, -84.84154510498047, -85.71257019042969, -84.8208999633789, -85.68914031982422, -84.64180755615234, -85.57125854492188, -84.43376922607422, -85.89955139160156, -84.68855285644531, -86.19026184082031, -85.0216064453125, -85.52040100097656, -84.92138671875, -85.60298156738281, -84.8460693359375, -85.90715789794922, -85.09656524658203, -85.98987579345703, -85.05195617675781, -86.04901885986328, -84.98371887207031, -86.16283416748047, -85.02861022949219, -86.44123840332031, -85.18892669677734, -86.44742584228516, -85.71964263916016, -86.25564575195312, -85.60868072509766, -86.35126495361328, -85.59999084472656, -86.50074005126953, -85.66940307617188, -86.61083221435547, -85.67321014404297, -86.85111999511719, -85.7708511352539, -86.74899291992188, -85.57788848876953, -87.52332305908203, -86.25615692138672, -87.19989776611328, -86.46308135986328, -86.95122528076172, -86.27450561523438, -87.51924896240234, -86.78449249267578, -87.38616180419922, -86.48460388183594, -87.53282165527344, -86.54205322265625, -87.61209869384766, -86.54347229003906, -87.82662200927734, -86.60523986816406, -88.0818099975586, -86.95852661132812, -87.72049713134766, -87.10674285888672, -88.21282196044922, -87.52081298828125, -88.2192153930664, -87.4101333618164, -88.32078552246094, -87.43582153320312, -88.52294921875, -87.50027465820312, -88.48150634765625, -87.34947204589844, -88.74210357666016, -87.5003433227539, -88.57377624511719, -87.46761322021484, -88.62431335449219, -87.99681091308594, -88.44964599609375, -87.75753784179688, -88.5377426147461, -87.68891143798828, -88.52363586425781, -87.5770492553711, -88.88086700439453, -87.81106567382812, -89.14385223388672, -87.98988342285156, -88.72589111328125, -87.481201171875, -88.61627960205078, -87.89727783203125, -88.53124237060547, -87.89472961425781, -88.7009506225586, -87.97083282470703, -88.94465637207031, -88.07254791259766, -88.48664093017578, -87.49357604980469, -88.5690689086914, -87.54564666748047, -88.66860961914062, -87.49134826660156, -88.71340942382812, -87.40155792236328, -88.24887084960938, -87.4980697631836, -88.35367584228516, -87.69326782226562, -88.70386505126953, -87.9159927368164, -88.0035629272461, -87.11251068115234, -88.7015609741211, -87.72702026367188, -88.5945053100586, -87.52596282958984, -88.72532653808594, -87.47140502929688, -88.61455535888672, -87.4830322265625, -87.78067016601562, -87.2257308959961, -88.41496276855469, -87.70973205566406, -88.16590881347656, -87.39108276367188, -88.24455261230469, -87.36280822753906, -88.360595703125, -87.34660339355469, -88.5478286743164, -87.44783020019531, -88.55095672607422, -87.3060302734375, -88.56723022460938, -87.44338989257812, -88.32583618164062, -87.74461364746094, -88.21832275390625, -87.49691009521484, -88.51073455810547, -87.63032531738281, -88.596923828125, -87.74128723144531, -88.20426940917969, -87.12786102294922, -88.82141876220703, -87.72077178955078, -88.65863037109375, -87.37704467773438, -88.32826232910156, -87.68118286132812, -88.75006866455078, -88.1023941040039, -88.7318344116211, -87.9848403930664, -88.41265869140625, -87.56864166259766, -89.2237777709961, -88.2255630493164, -89.18040466308594, -88.09751892089844, -89.1102066040039, -87.91567993164062, -88.90967559814453, -87.64045715332031, -89.18744659423828, -88.43807220458984, -89.17315673828125, -88.50408935546875, -89.05498504638672, -88.27664947509766, -89.50357055664062, -88.66179656982422, -89.21393585205078, -88.22435760498047, -89.47911834716797, -88.42823028564453, -89.5631332397461, -88.40019226074219, -90.09205627441406, -89.02458953857422, -89.22367095947266, -88.68647766113281, -89.62097930908203, -88.9289321899414, -89.52264404296875, -88.74726867675781, -89.76094055175781, -88.86894989013672, -89.49432373046875, -88.52020263671875, -89.98822021484375, -88.88834381103516, -90.01228332519531, -88.81200408935547, -89.59391784667969, -88.44420623779297, -89.80858612060547, -89.18167114257812, -89.4389877319336, -88.79232025146484, -89.69898223876953, -88.80045318603516, -89.39728546142578, -88.46530151367188, -89.46570587158203, -88.47554016113281, -89.7225570678711, -88.62580108642578, -89.93647003173828, -88.7038803100586, -89.42733001708984, -88.71261596679688, -89.14064025878906, -88.57465362548828, -89.22245025634766, -88.50603485107422, -89.2684555053711, -88.4034423828125, -89.4786605834961, -88.54612731933594, -89.4023666381836, -88.37483978271484, -89.65061950683594, -88.45869445800781, -89.49666595458984, -88.21880340576172, -89.19065856933594, -88.53523254394531, -89.1401138305664, -88.42574310302734, -89.11162567138672, -88.30504608154297, -89.1041030883789, -88.23654174804688, -89.07626342773438, -88.10012817382812, -89.42176818847656, -88.33613586425781, -89.3064193725586, -88.12724304199219, -89.3658218383789, -88.26435852050781, -89.0552978515625, -88.49674987792969, -88.92818450927734, -88.2411117553711, -89.10488891601562, -88.30915832519531, -88.95806121826172, -88.04110717773438, -89.13447570800781, -88.13493347167969, -89.15953826904297, -88.0728988647461, -89.1174087524414, -87.91648864746094, -89.25609588623047, -88.15422821044922, -88.63748168945312, -88.07494354248047, -88.94353485107422, -88.22555541992188, -89.10213470458984, -88.27841186523438, -88.89535522460938, -87.9413070678711, -88.86335754394531, -87.83246612548828, -88.86779022216797, -87.75382995605469, -89.14309692382812, -87.9024658203125, -89.26006317138672, -88.57374572753906, -88.91462707519531, -88.30152893066406, -89.20188903808594, -88.37248992919922, -89.19134521484375, -88.38858032226562, -89.26522827148438, -88.29002380371094, -88.93020629882812, -87.88838195800781, -89.29271697998047, -88.1269760131836, -89.25849914550781, -87.98746490478516, -89.135498046875, -88.39231872558594, -89.09175872802734, -88.434814453125, -88.97869873046875, -88.2018814086914, -89.1690444946289, -88.30728149414062, -89.3123550415039, -88.32294464111328, -89.2525634765625, -88.2038345336914, -89.25883483886719, -88.07172393798828, -89.64897155761719, -88.5460205078125, -89.32019805908203, -88.76006317138672, -89.4422607421875, -88.7705078125, -89.394287109375, -88.6032485961914, -89.64689636230469, -88.78765106201172, -89.53855895996094, -88.51210021972656, -89.85334777832031, -88.76862335205078, -89.67080688476562, -88.44332885742188, -89.87447357177734, -88.79640197753906, -89.17346954345703, -88.59921264648438, -89.27722930908203, -88.5490951538086, -89.65361785888672, -88.82108306884766, -89.34819793701172, -88.45064544677734, -89.62909698486328, -88.65676879882812, -89.66275787353516, -88.5838851928711, -90.0953598022461, -88.82044982910156, -90.3311996459961, -89.68258666992188, -89.6812515258789, -89.04847717285156, -89.7020492553711, -88.96524810791016, -89.78897094726562, -88.97474670410156, -89.90666198730469, -88.9439697265625, -90.10480499267578, -89.01557922363281, -89.9776382446289, -88.76947021484375, -90.60958862304688, -89.36802673339844, -90.08333587646484, -89.32951354980469, -90.23405456542969, -89.59220886230469, -90.22447204589844, -89.47776794433594, -90.34646606445312, -89.42088317871094, -90.21907043457031, -89.26604461669922, -90.29386138916016, -89.24820709228516, -90.35403442382812, -89.18212890625, -90.7152328491211, -89.61703491210938, -90.05258178710938, -89.4640884399414, -90.53191375732422, -89.80284118652344, -90.93421173095703, -90.16541290283203, -90.89070892333984, -90.01329803466797, -91.0390853881836, -90.02931213378906, -91.26182556152344, -90.19245910644531, -91.1025161743164, -89.87183380126953, -91.4709701538086, -90.40229797363281, -90.68450164794922, -90.12206268310547, -91.21195983886719, -90.51160430908203, -91.31975555419922, -90.51266479492188, -91.59083557128906, -90.70860290527344, -91.15706634521484, -90.1003646850586, -91.70614624023438, -90.5547866821289, -91.99114227294922, -90.8419418334961, -91.85733795166016, -91.18083190917969, -91.78376770019531, -91.22023010253906, -92.16293334960938, -91.52943420410156, -92.3078384399414, -91.51238250732422, -92.4246826171875, -91.5252914428711, -92.34231567382812, -91.29044342041016, -92.87201690673828, -91.83335876464844, -93.083251953125, -91.82196807861328, -92.81363677978516, -92.10023498535156, -93.21404266357422, -92.59224700927734, -93.68603515625, -92.97039031982422, -93.51325225830078, -92.72075653076172, -93.7553939819336, -92.8061294555664, -94.30636596679688, -93.3643798828125, -94.43009948730469, -93.35665893554688, -94.9692153930664, -94.05105590820312, -94.40292358398438, -93.79593658447266, -95.04600524902344, -94.45132446289062, -95.11811828613281, -94.48078155517578, -95.54737091064453, -94.91707611083984, -96.32303619384766, -95.44214630126953, -96.27972412109375, -95.34565734863281, -96.5737533569336, -95.63159942626953, -96.99723052978516, -96.05361938476562, -96.73123931884766, -96.24099731445312, -97.29080963134766, -96.693359375, -97.4747314453125, -96.81885528564453, -97.82312774658203, -97.11544799804688, -98.20648956298828, -97.50843048095703, -97.94445037841797, -97.17262268066406, -98.4565200805664, -97.5852279663086, -98.78108215332031, -98.24232482910156, -98.95713806152344, -98.66466522216797, -98.89481353759766, -98.37981414794922, -99.13167572021484, -98.45179748535156, -99.19441986083984, -98.67816925048828, -99.07864379882812, -98.51275634765625, -99.27173614501953, -98.45915985107422, -99.73933410644531, -99.0033187866211, -99.29080963134766, -98.81441497802734, -99.5285873413086, -99.2048110961914, -99.35936737060547, -98.8231430053711, -99.41416931152344, -98.83404541015625, -99.73234558105469, -98.99085235595703, -99.77116394042969, -99.21759033203125, -99.8756332397461, -99.01680755615234, -99.89698791503906, -99.40220642089844, -99.46312713623047, -98.97808074951172, -99.76813507080078, -99.3678970336914, -99.57312774658203, -99.07646942138672, -99.71222686767578, -99.24838256835938, -99.87002563476562, -99.20153045654297, -99.94461822509766, -99.32331848144531, -100.07772064208984, -99.52873229980469, -100.41889953613281, -99.94510650634766, -100.13339233398438, -99.71698760986328, -100.15575408935547, -99.77433013916016, -100.57972717285156, -100.18313598632812, -100.41000366210938, -100.13156127929688, -101.0044937133789, -100.44387817382812, -100.88756561279297, -100.45792388916016, -101.1598129272461, -100.72197723388672, -101.4898452758789, -101.16029357910156, -101.43526458740234, -101.25444030761719, -101.68498992919922, -101.55316162109375, -101.8375244140625, -101.58586120605469, -102.189453125, -101.94046020507812, -102.01734924316406, -101.72985076904297, -102.34324645996094, -102.36019134521484, -102.45323181152344, -102.26454162597656, -102.7541275024414, -102.40130615234375, -102.6352310180664, -102.5186996459961, -102.973388671875, -102.83720397949219, -103.1435317993164, -102.75117492675781, -103.07970428466797, -103.06570434570312, -102.917236328125, -102.76656341552734, -102.87056732177734, -102.70267486572266, -102.64146423339844, -102.75189971923828, -102.98818969726562, -102.9206771850586, -102.88607788085938, -102.64815521240234, -102.25830841064453, -102.30918884277344, -102.43755340576172, -101.90509796142578, -101.97244262695312, -101.56304168701172, -101.45079803466797, -101.0831298828125, -101.24240112304688, -100.75125885009766, -101.06881713867188, -100.43350219726562, -100.24113464355469, -100.00765228271484, -99.59900665283203, -99.0377197265625, -99.53524017333984, -98.93775939941406, -99.07913970947266, -98.57308197021484, -98.74058532714844, -97.95142364501953, -97.96593475341797, -97.1937255859375, -97.75794219970703, -96.80224609375, -97.24156188964844, -96.72895812988281, -96.82950592041016, -96.17804718017578, -96.49082946777344, -95.87645721435547, -96.10904693603516, -95.31256866455078, -95.91651916503906, -95.1571273803711, -95.60111999511719, -94.72915649414062, -95.08753967285156, -94.06034851074219, -94.78627014160156, -93.62384033203125, -94.58187103271484, -93.95391845703125, -93.8641357421875, -93.33055877685547, -93.78386688232422, -93.08698272705078, -93.8380126953125, -93.11473083496094, -93.36808776855469, -92.34954071044922, -93.41460418701172, -92.39405822753906, -93.319091796875, -92.23094177246094, -92.83277893066406, -91.73822784423828, -92.34573364257812, -91.70674896240234, -92.20751953125, -91.5652084350586, -91.6236801147461, -90.8507308959961, -91.56656646728516, -90.675537109375, -91.77208709716797, -90.86949157714844, -91.48976135253906, -90.36511993408203, -91.81578826904297, -90.60684204101562, -91.09296417236328, -89.98737335205078, -90.79120635986328, -90.20983123779297, -91.2013931274414, -90.5416030883789, -90.95482635498047, -90.09908294677734, -90.55018615722656, -89.63799285888672, -90.79659271240234, -89.78758239746094, -90.54205322265625, -89.39035034179688, -90.64344024658203, -89.44735717773438, -101.17970275878906, -102.25800323486328, -90.33866119384766, -89.67407989501953, -90.68447875976562, -89.96563720703125, -90.56001281738281, -89.74331665039062, -90.04080963134766, -89.0366439819336, -90.41324615478516, -89.41261291503906, -90.36779022216797, -89.23441314697266, -90.38813018798828, -89.16531372070312, -89.90101623535156, -89.13806915283203, -89.91400909423828, -89.26372528076172, -89.97826385498047, -89.22281646728516, -90.23435974121094, -89.3936996459961, -90.17869567871094, -89.18974304199219, -90.66992950439453, -89.63438415527344, -90.39910888671875, -89.19674682617188, -90.37769317626953, -89.07887268066406, -90.02725982666016, -89.2783203125, -90.0833740234375, -89.41400146484375, -90.22828674316406, -89.47613525390625, -90.17941284179688, -89.28418731689453, -90.6097183227539, -89.61917114257812, -90.38209533691406, -89.29092407226562, -91.02397155761719, -89.85811614990234, -90.65151977539062, -89.53718566894531, -90.30670166015625, -89.7042465209961, -90.78307342529297, -90.10060119628906, -90.35733795166016, -89.51000213623047, -90.44178009033203, -89.56002807617188, -91.00108337402344, -90.03453826904297, -91.35245513916016, -90.25445556640625, -91.203369140625, -90.04866790771484, -91.76780700683594, -90.671142578125, -91.24173736572266, -90.61909484863281, -91.53952026367188, -90.84981536865234, -91.48941040039062, -90.63209533691406, -91.68795013427734, -90.8488998413086, -91.84332275390625, -90.80854797363281, -92.07544708251953, -90.97116088867188, -92.5835952758789, -91.41768646240234, -92.38175201416016, -91.67346954345703, -92.34517669677734, -91.73025512695312, -93.05870819091797, -92.30349731445312, -92.74225616455078, -91.9615249633789, -93.54023742675781, -92.57415008544922, -93.45643615722656, -92.43456268310547, -93.8436508178711, -92.74554443359375, -94.15316772460938, -92.955322265625, -94.34098052978516, -93.69622039794922, -94.42465209960938, -93.76631927490234, -94.64391326904297, -93.97054290771484, -94.79195404052734, -94.03291320800781, -95.71975708007812, -94.78839874267578, -95.62065124511719, -94.66647338867188, -96.09545135498047, -95.08271789550781, -96.28855895996094, -95.38421630859375, -96.38015747070312, -95.87230682373047, -96.79071807861328, -96.14569091796875, -97.32130432128906, -96.55674743652344, -97.6500015258789, -96.9542236328125, -98.03434753417969, -97.12718963623047, -98.17668914794922, -97.36441040039062, -98.40081024169922, -97.4628677368164, -98.9105453491211, -98.1787338256836, -99.38040924072266, -98.79144287109375, -99.37403106689453, -99.19366455078125, -99.91081237792969, -99.4969711303711, -100.34564208984375, -99.87992858886719, -100.05386352539062, -99.75228881835938, -100.67919921875, -100.0470199584961, -101.10026550292969, -100.60382080078125, -100.97610473632812, -100.73139190673828, -101.19937133789062, -101.0147933959961, -101.27886199951172, -101.0268325805664, -101.560546875, -101.4248275756836, -101.4345703125, -101.09376525878906, -101.46366119384766, -101.1135025024414, -101.20196533203125, -100.67810821533203, -101.07435607910156, -100.57347869873047, -100.65542602539062, -100.34639739990234, -100.54007720947266, -100.0765151977539, -100.22686004638672, -99.73152160644531, -99.63687133789062, -99.21438598632812, -99.58326721191406, -98.95686340332031, -99.40171813964844, -98.75794982910156, -99.0627212524414, -98.06873321533203, -98.4169921875, -97.71968078613281, -98.02716064453125, -97.7127914428711, -97.96730041503906, -97.29896545410156, -97.17455291748047, -96.43346405029297, -96.70623016357422, -96.01030731201172, -96.70040893554688, -95.92677307128906, -96.48738861083984, -95.48927307128906, -95.9234848022461, -94.90637969970703, -95.78352355957031, -94.76864624023438, -95.48694610595703, -94.93205261230469, -94.9986801147461, -94.38323974609375, -94.96818542480469, -94.15226745605469, -94.79312133789062, -93.95967102050781, -94.12593841552734, -93.13605499267578, -94.28041076660156, -93.19705200195312, -93.87762451171875, -92.73452758789062, -93.85446166992188, -93.09021759033203, -92.93479919433594, -92.28266906738281, -92.87530517578125, -92.15845489501953, -92.76409149169922, -91.97753143310547, -92.79801940917969, -91.8236312866211, -92.81989288330078, -91.81269073486328, -92.75179290771484, -91.57246398925781, -92.30803680419922, -91.06891632080078, -92.05242919921875, -91.28733825683594, -91.53962707519531, -90.84294891357422, -91.79681396484375, -91.02392578125, -91.90274810791016, -91.02344512939453, -91.58827209472656, -90.57324981689453, -91.75321197509766, -90.68190002441406, -91.57205963134766, -90.40924072265625, -91.48685455322266, -90.3812255859375, -91.28620147705078, -90.648681640625, -90.99054718017578, -90.31765747070312, -91.03752899169922, -90.19197082519531, -90.6576919555664, -89.70155334472656, -90.96636199951172, -89.95491027832031, -90.57777404785156, -89.47411346435547, -90.4716567993164, -89.24653625488281, -90.96199035644531, -89.8179931640625, -90.1236572265625, -89.53134155273438, -89.97699737548828, -89.24385070800781, -89.77012634277344, -88.9722900390625, -89.94871520996094, -89.04544067382812, -89.65463256835938, -88.54265594482422, -90.00313568115234, -88.87702941894531, -89.83349609375, -88.59090423583984, -89.35906219482422, -88.65916442871094, -89.23599243164062, -88.61117553710938, -89.19673156738281, -88.39263916015625, -89.3058853149414, -88.42756652832031, -89.13240814208984, -88.18635559082031, -88.92131042480469, -87.84143829345703, -89.31556701660156, -88.13021087646484, -89.08531188964844, -87.79725646972656, -88.84626007080078, -88.05200958251953, -88.49433135986328, -87.80229949951172, -88.53898620605469, -87.7539291381836, -88.60600280761719, -87.72740936279297, -88.48885345458984, -87.41424560546875, -88.95652770996094, -87.9045639038086, -88.67242431640625, -87.45283508300781, -88.82637786865234, -87.76692962646484, -88.47140502929688, -87.8497314453125, -88.18208312988281, -87.4522705078125, -88.07474517822266, -87.24779510498047, -88.06321716308594, -87.12449645996094, -88.20964050292969, -87.21109008789062, -88.20921325683594, -87.06242370605469, -88.26872253417969, -86.97554016113281, -88.1143798828125, -86.97161102294922, -87.79818725585938, -87.2074203491211, -87.92961883544922, -87.18012237548828, -87.91740417480469, -87.04801940917969, -87.95599365234375, -86.96495819091797, -88.2184829711914, -87.22003173828125, -88.08443450927734, -86.93743133544922, -88.05880737304688, -86.7848129272461, -87.88959503173828, -87.17046356201172, -87.87290954589844, -87.2142333984375, -87.89266967773438, -87.1343002319336, -87.73289489746094, -86.8294906616211, -88.12295532226562, -87.1505126953125, -88.31353759765625, -87.21890258789062, -88.43405151367188, -87.25486755371094, -88.37664031982422, -87.09158325195312, -88.3095703125, -87.57540130615234, -88.15815734863281, -87.46857452392578, -88.25952911376953, -87.5103988647461, -88.55654907226562, -87.66905975341797, -88.36661529541016, -87.37818908691406, -88.53254699707031, -87.41655731201172, -88.60713195800781, -87.37734985351562, -88.61273956298828, -87.48418426513672, -88.28582000732422, -87.71389770507812, -88.6882095336914, -87.976318359375, -88.74220275878906, -87.94649505615234, -89.0287857055664, -88.12191772460938, -89.30302429199219, -88.30583190917969, -89.19134521484375, -88.02173614501953, -89.55686950683594, -88.3236312866211, -89.47422790527344, -88.35009002685547, -89.17621612548828, -88.53555297851562, -89.78229522705078, -89.04840087890625, -89.59331512451172, -88.79154205322266, -89.9458999633789, -89.01780700683594, -89.73970031738281, -88.65399169921875, -90.012939453125, -88.88175201416016, -89.9847412109375, -88.7077407836914, -89.92351531982422, -89.24801635742188, -89.85096740722656, -89.20598602294922, -89.92951965332031, -89.15975952148438, -89.99694061279297, -89.1509780883789, -90.27378845214844, -89.27851104736328, -90.5942611694336, -89.55609130859375, -90.20458984375, -89.03015899658203, -90.61427307128906, -89.35405731201172, -89.97188568115234, -89.19091796875, -89.97869110107422, -89.31637573242188, -90.16781616210938, -89.4103775024414, -90.34846496582031, -89.51642608642578, -90.25830841064453, -89.26256561279297, -90.3423843383789, -89.21966552734375, -90.49384307861328, -89.2403564453125, -90.39541625976562, -89.28831481933594, -89.96027374267578, -89.46210479736328, -90.14219665527344, -89.40072631835938, -90.22928619384766, -89.45362091064453, -90.47657775878906, -89.50660705566406, -90.24402618408203, -89.3399429321289, -90.33411407470703, -89.1540298461914, -90.63150024414062, -89.460693359375, -90.633056640625, -89.49903106689453, -90.19761657714844, -89.57600402832031, -90.32374572753906, -89.54449462890625, -90.28123474121094, -89.44086456298828, -90.23665618896484, -89.25733947753906, -90.57076263427734, -89.5358657836914, -90.73674011230469, -89.65062713623047, -90.66899871826172, -89.4599838256836, -90.43354797363281, -89.67845916748047, -90.8730697631836, -90.2084732055664, -90.53162384033203, -89.82621002197266, -90.71298217773438, -89.85369110107422, -90.90642547607422, -90.00405883789062, -91.1352767944336, -90.12859344482422, -91.39202880859375, -90.23571014404297, -91.06999206542969, -89.7836685180664, -90.96112823486328, -90.252685546875, -90.93450927734375, -90.25141143798828, -90.93650817871094, -90.15680694580078, -91.38734436035156, -90.5338363647461, -91.08965301513672, -90.16603088378906, -91.2725601196289, -90.1773681640625, -91.5234603881836, -90.31465911865234, -91.94596099853516, -90.86668395996094, -91.53535461425781, -90.9507064819336, -91.80596923828125, -91.11185455322266, -91.76142120361328, -91.00711059570312, -91.98616027832031, -91.01988220214844, -91.79902648925781, -90.82085418701172, -92.20337677001953, -91.2243423461914, -92.20732116699219, -91.06055450439453, -92.37545013427734, -91.30964660644531, -92.25790405273438, -91.67820739746094, -92.68827056884766, -92.03472900390625, -92.86288452148438, -92.06050872802734, -92.84284973144531, -91.95388793945312, -92.90225219726562, -91.95752716064453, -93.40620422363281, -92.3695068359375, -93.34783172607422, -92.2143325805664, -93.20640563964844, -92.49918365478516, -93.15213012695312, -92.5639877319336, -93.12662506103516, -92.44762420654297, -93.45905303955078, -92.65477752685547, -93.49164581298828, -92.68698120117188, -93.61306762695312, -92.59878540039062, -93.72969818115234, -92.70294952392578, -94.0823745727539, -92.8918228149414, -93.87251281738281, -93.09581756591797, -93.44982147216797, -92.84921264648438, -93.57621765136719, -92.80799865722656, -93.19013977050781, -92.41630554199219, -93.229248046875, -92.32443237304688, -93.30403900146484, -92.26886749267578, -93.47465515136719, -92.390869140625, -93.4979248046875, -92.45469665527344, -92.98592376708984, -92.41209411621094, -92.89457702636719, -92.2474136352539, -92.8120346069336, -91.96027374267578, -92.61009979248047, -91.7833480834961, -92.82674407958984, -91.86909484863281, -92.24958801269531, -91.14596557617188, -92.30891418457031, -91.14073944091797, -91.92655181884766, -90.80718231201172, -91.6790771484375, -91.10647583007812, -91.3331298828125, -90.61100769042969, -91.00888061523438, -90.17674255371094, -90.88434600830078, -89.9820785522461, -91.09837341308594, -90.13681030273438, -91.20301818847656, -90.09661102294922, -90.69690704345703, -89.449462890625, -90.38697052001953, -89.6639175415039, -89.85862731933594, -89.1581802368164, -90.01504516601562, -89.26231384277344, -89.70956420898438, -88.8506851196289, -89.4028091430664, -88.43903350830078, -89.62014770507812, -88.594970703125, -89.39411926269531, -88.22937774658203, -89.16736602783203, -87.90086364746094, -88.96659088134766, -88.2451400756836, -88.26864624023438, -87.58130645751953, -88.5339584350586, -87.76593780517578, -88.14656066894531, -87.23526000976562, -88.4716796875, -87.50013732910156, -88.28882598876953, -87.16590118408203, -87.69680786132812, -86.45881652832031, -87.9734115600586, -86.88180541992188, -87.68289184570312, -87.07212829589844, -87.47135925292969, -86.7158432006836, -87.43574523925781, -86.59394073486328, -87.40591430664062, -86.48893737792969, -87.19595336914062, -86.1579818725586, -87.21707153320312, -86.09992980957031, -87.0118637084961, -85.75634002685547, -87.35000610351562, -86.2325668334961, -86.70382690429688, -86.08954620361328, -86.79267120361328, -86.06594848632812, -86.6841049194336, -85.82862091064453, -86.84672546386719, -85.93537139892578, -86.91842651367188, -85.88053894042969, -86.82573699951172, -85.65608215332031, -86.84778594970703, -85.60558319091797, -86.233642578125, -85.51189422607422, -86.45925903320312, -85.806640625, -86.64337921142578, -85.83800506591797, -86.35432434082031, -85.49249267578125, -86.54310607910156, -85.58332061767578, -86.54199981689453, -85.47364044189453, -86.81783294677734, -85.65554809570312, -86.68083953857422, -85.36437225341797, -86.7680435180664, -86.02276611328125, -86.45117950439453, -85.75703430175781, -86.82551574707031, -86.03373718261719, -86.79486083984375, -85.90103912353516, -86.64247131347656, -85.6169204711914, -86.82257080078125, -85.77452087402344, -86.91410827636719, -85.70591735839844, -87.41241455078125, -86.29593658447266, -86.55238342285156, -85.95744323730469, -86.75880432128906, -86.04133605957031, -86.89632415771484, -86.08460998535156, -87.22574615478516, -86.29888916015625, -87.10553741455078, -86.12328338623047, -87.5733871459961, -86.39100646972656, -87.48198699951172, -86.25518035888672, -87.48493194580078, -86.35596466064453, -87.16124725341797, -86.54010772705078, -87.18403625488281, -86.41995239257812, -87.47642517089844, -86.62687683105469, -87.662353515625, -86.71795654296875, -88.1383285522461, -87.10345458984375, -87.85901641845703, -86.71636962890625, -88.12635040283203, -86.86294555664062, -87.9538803100586, -87.28733825683594, -87.93215942382812, -87.27120208740234, -87.88924407958984, -87.15925598144531, -88.30131530761719, -87.46809387207031, -88.18280792236328, -87.2668228149414, -88.79747009277344, -87.71302795410156, -88.75059509277344, -87.59398651123047, -88.83749389648438, -87.56546020507812, -89.0943374633789, -88.39744567871094, -89.03788757324219, -88.36266326904297, -89.34394073486328, -88.60497283935547, -89.34677124023438, -88.45542907714844, -89.81807708740234, -88.86736297607422, -90.08787536621094, -89.01029968261719, -90.32269287109375, -89.18864440917969, -90.5154800415039, -89.39266204833984, -90.53500366210938, -89.90544128417969, -90.51361083984375, -89.93939971923828, -91.0028076171875, -90.15640258789062, -91.22793579101562, -90.32908630371094, -91.4926528930664, -90.5008544921875, -91.9455337524414, -90.81444549560547, -92.11589813232422, -90.95982360839844, -92.75685119628906, -91.61418151855469, -92.24220275878906, -91.63556671142578, -92.42504119873047, -91.77974700927734, -92.77713012695312, -92.01700592041016, -92.95974731445312, -92.10738372802734, -93.3387451171875, -92.38236236572266, -93.16958618164062, -92.10574340820312, -93.5848159790039, -92.33953857421875, -93.51654052734375, -92.80827331542969, -93.53668212890625, -92.90462493896484, -93.87348175048828, -93.27259063720703, -93.92362213134766, -93.16015625, -94.03734588623047, -93.21903228759766, -93.97018432617188, -92.97847747802734, -93.93309783935547, -92.85889434814453, -94.22331237792969, -93.0591812133789, -94.02986145019531, -93.31849670410156, -93.52596282958984, -92.9083480834961, -93.67063903808594, -92.92717742919922, -93.54425048828125, -92.71552276611328, -93.74067687988281, -92.83826446533203, -93.48064422607422, -92.481201171875, -93.53080749511719, -92.41728210449219, -93.04622650146484, -92.03024291992188, -93.03939819335938, -92.46920776367188, -92.91932678222656, -92.23970031738281, -92.63411712646484, -91.89987182617188, -92.39111328125, -91.54163360595703, -92.64261627197266, -91.68730163574219, -102.03196716308594, -103.2560806274414, -103.27759552001953, -103.19650268554688, -102.92708587646484, -102.81559753417969, -103.01129150390625, -102.93537902832031, -103.2002944946289, -103.1909408569336, -103.04918670654297, -103.08072662353516, -103.13605499267578, -103.10413360595703, -102.8540267944336, -102.88935852050781, -103.05242919921875, -103.38790893554688, -103.38874053955078, -103.24124145507812, -103.00324249267578, -102.9163589477539, -103.01000213623047, -103.00401306152344, -103.0789794921875, -103.36054992675781, -103.10809326171875, -103.09346008300781, -103.25617218017578, -103.37506103515625, -103.208984375, -103.11067962646484, -103.1144790649414, -103.09794616699219, -102.98937225341797, -102.7761001586914, -102.95149230957031, -103.08392333984375, -103.0240478515625, -103.0136489868164, -103.02748107910156, -103.13970184326172, -103.22222900390625, -103.06566619873047, -102.99250030517578, -103.15746307373047, -102.96908569335938, -102.96539306640625, -103.0844955444336, -103.01277160644531, -102.82372283935547, -103.19190216064453, -103.15655517578125, -102.97527313232422, -102.95751953125, -102.86927032470703, -102.93124389648438, -102.76441192626953, -103.04573059082031, -103.12444305419922, -102.8027114868164, -102.87489318847656, -102.75069427490234, -102.98361206054688, -103.03855895996094, -102.77262878417969, -102.85384368896484, -102.7988052368164, -102.62904357910156, -103.06739044189453, -103.12545776367188, -103.18692016601562, -102.9033432006836, -102.61066436767578, -102.42546081542969, -102.5683822631836, -103.05022430419922, -103.15239715576172, -102.98764038085938, -102.75068664550781, -102.6319351196289, -102.49832916259766, -102.6168212890625, -102.57270050048828, -102.73663330078125, -102.76439666748047, -102.53204345703125, -102.42332458496094, -102.77352142333984, -102.77054595947266, -102.84475708007812, -102.67704010009766, -102.64729309082031, -102.52279663085938, -102.60419464111328, -102.93110656738281, -102.67998504638672, -102.6690902709961, -102.4430160522461, -102.28628540039062, -102.37779235839844, -102.69258880615234, -102.8787612915039, -102.79585266113281, -102.74555206298828, -102.69584655761719, -102.83602142333984, -102.76585388183594, -102.83858489990234, -102.8674545288086, -102.72130584716797, -102.72470092773438, -102.8473129272461, -102.67213439941406, -102.84400177001953, -102.87425994873047, -102.85884857177734, -102.66119384765625, -102.64936065673828, -102.82279968261719, -103.188720703125, -103.18492126464844, -103.07984924316406, -102.98147583007812, -102.95199584960938, -102.77483367919922, -102.95635223388672, -103.31616973876953, -103.12371826171875, -102.82552337646484, -103.10086822509766, -103.02481079101562, -103.08840942382812, -103.26020050048828, -103.17732238769531, -103.00337219238281, -102.98735809326172, -103.06476593017578, -102.9689712524414, -102.99163818359375, -102.87858581542969, -102.98033142089844, -102.91947937011719, -103.09149169921875, -103.02908325195312, -103.00411987304688, -103.0191879272461, -102.93324279785156, -102.61550903320312, -102.76658630371094, -102.80224609375, -102.64698791503906, -102.82537841796875, -102.77167510986328, -102.73953247070312, -102.54985809326172, -102.75288391113281, -102.85559844970703, -102.7010498046875, -102.77265167236328, -102.55143737792969, -102.40596008300781, -102.4198989868164, -102.44086456298828, -102.7192611694336, -102.69137573242188, -102.39665985107422, -102.09077453613281, -102.39500427246094, -102.59552001953125, -102.65664672851562, -102.65506744384766, -102.44410705566406, -101.59606170654297, -101.61516571044922, -101.82890319824219, -102.4051284790039, -102.74044799804688, -102.56851959228516, -102.24146270751953, -101.54139709472656, -101.99288177490234, -102.68907928466797, -102.90018463134766, -102.3814468383789, -101.81339263916016, -102.0247802734375, -102.24579620361328, -102.3405532836914, -102.31190490722656, -102.34387969970703, -101.98571014404297, -101.57374572753906, -101.5694808959961, -102.0937271118164, -102.65812683105469, -103.13778686523438, -103.10409545898438, -102.90506744384766, -102.97666931152344, -103.13005828857422, -102.93473815917969, -102.67646026611328, -102.42542266845703, -102.3293228149414, -102.25782012939453, -102.39519500732422, -102.61180877685547, -102.69950866699219, -102.75137329101562, -102.5418472290039, -102.37571716308594, -102.69149780273438, -102.59569549560547, -102.7527084350586, -102.78932189941406, -102.88407135009766, -102.87140655517578, -102.83003997802734, -102.93040466308594, -102.87190246582031, -102.94831848144531, -103.05171203613281];
